0 0.000000
0 0.000000
2 0.002944
3 0.001792
12 0.301824
21 0.301824
27 0.201216
43 0.536576
54 0.368896
67 0.435968
84 0.570112
94 0.335360
118 0.804864
139 0.704256
147 0.268288
168 0.704256
186 0.603648
212 0.871936
247 1.173760
257 0.335360
279 0.737792
295 0.536576
303 0.268288
318 0.503040
326 0.268288
345 0.637184
370 0.838400
385 0.503040
417 1.073152
437 0.670720
455 0.603648
480 0.838400
496 0.536576
531 1.173760
569 1.274368
592 0.771328
641 1.643264
678 1.240832
724 1.542656
789 2.179840
824 1.173760
894 2.347520
958 2.146304
1012 1.810944
1099 2.917632
1163 2.146304
1238 2.515200
1331 3.118848
1402 2.381056
1500 3.286528
1593 3.118848
1678 2.850560
1797 3.990784
1890 3.118848
1991 3.387136
2105 3.823104
2199 3.152384
2311 3.756032
2414 3.454208
2508 3.152384
2629 4.057856
2722 3.118848
2821 3.320064
2937 3.890176
3031 3.152384
3141 3.688960
3246 3.521280
3340 3.152384
3460 4.024320
3554 3.152384
3652 3.286528
3770 3.957248
3864 3.152384
3972 3.621888
4079 3.588352
4173 3.152384
4291 3.957248
4366 2.515200
