0.000000 0.075015
1.000000 0.075008
2.000000 0.075014
3.000000 0.075251
4.000000 0.075335
5.000000 0.075419
6.000000 0.075503
7.000000 0.075587
8.000000 0.075252
9.000000 0.075335
10.000000 0.075251
11.000000 0.075335
12.000000 0.075419
13.000000 0.075336
14.000000 0.075420
15.000000 0.075503
16.000000 0.075587
17.000000 0.075251
18.000000 0.075335
19.000000 0.075419
20.000000 0.075335
21.000000 0.075419
22.000000 0.075503
23.000000 0.075586
24.000000 0.075503
25.000000 0.075670
26.000000 0.075837
27.000000 0.075836
28.000000 0.076003
29.000000 0.076170
30.000000 0.075251
31.000000 0.075335
32.000000 0.075419
33.000000 0.075503
34.000000 0.075419
35.000000 0.075503
36.000000 0.075586
37.000000 0.075503
38.000000 0.075670
39.000000 0.075837
40.000000 0.076004
41.000000 0.075920
42.000000 0.076087
43.000000 0.076254
44.000000 0.076170
45.000000 0.076254
46.000000 0.076421
47.000000 0.076588
48.000000 0.076421
49.000000 0.076505
50.000000 0.076589
51.000000 0.076339
52.000000 0.076423
53.000000 0.076507
54.000000 0.076590
55.000000 0.075251
56.000000 0.075335
57.000000 0.075419
58.000000 0.075336
59.000000 0.075420
60.000000 0.075504
61.000000 0.075419
62.000000 0.075503
63.000000 0.075587
64.000000 0.075754
65.000000 0.075753
66.000000 0.075920
67.000000 0.076004
68.000000 0.075754
69.000000 0.075921
70.000000 0.076088
71.000000 0.076255
72.000000 0.076088
73.000000 0.076255
74.000000 0.076422
75.000000 0.076255
76.000000 0.076339
77.000000 0.076423
78.000000 0.076590
79.000000 0.076506
80.000000 0.076673
81.000000 0.076757
82.000000 0.076506
83.000000 0.076590
84.000000 0.076674
85.000000 0.076758
86.000000 0.076591
87.000000 0.076675
88.000000 0.076758
89.000000 0.076675
90.000000 0.076759
91.000000 0.076843
92.000000 0.076759
93.000000 0.076843
94.000000 0.076926
95.000000 0.077010
96.000000 0.075251
97.000000 0.075335
98.000000 0.075419
99.000000 0.075335
100.000000 0.075419
101.000000 0.075503
102.000000 0.075586
103.000000 0.075503
104.000000 0.075587
105.000000 0.075754
106.000000 0.075753
107.000000 0.075837
108.000000 0.075921
109.000000 0.076088
110.000000 0.076087
111.000000 0.076171
112.000000 0.076255
113.000000 0.076004
114.000000 0.076088
115.000000 0.076255
116.000000 0.076422
117.000000 0.076255
118.000000 0.076339
119.000000 0.076423
120.000000 0.076340
121.000000 0.076507
122.000000 0.076591
123.000000 0.076341
124.000000 0.076508
125.000000 0.076675
126.000000 0.076759
127.000000 0.076591
128.000000 0.076675
129.000000 0.076759
130.000000 0.076592
131.000000 0.076759
132.000000 0.076843
133.000000 0.076927
134.000000 0.076843
135.000000 0.076927
136.000000 0.077010
137.000000 0.076760
138.000000 0.076844
139.000000 0.076928
140.000000 0.077012
141.000000 0.076845
142.000000 0.076928
143.000000 0.077012
144.000000 0.076928
145.000000 0.077012
146.000000 0.077096
147.000000 0.077180
148.000000 0.077096
149.000000 0.077180
150.000000 0.077096
151.000000 0.077180
152.000000 0.077096
153.000000 0.077180
154.000000 0.077096
155.000000 0.077180
156.000000 0.077096
157.000000 0.077180
158.000000 0.077096
159.000000 0.077180
160.000000 0.075251
161.000000 0.075335
162.000000 0.075252
163.000000 0.075336
164.000000 0.075252
165.000000 0.075335
166.000000 0.075268
167.000000 0.075352
168.000000 0.075251
169.000000 0.075418
170.000000 0.075334
171.000000 0.075418
172.000000 0.075252
173.000000 0.075419
174.000000 0.075335
175.000000 0.075419
176.000000 0.075335
177.000000 0.075419
178.000000 0.075251
179.000000 0.075418
180.000000 0.075334
181.000000 0.075418
182.000000 0.075335
183.000000 0.075419
184.000000 0.075335
185.000000 0.075419
186.000000 0.075335
187.000000 0.075419
188.000000 0.075335
189.000000 0.075419
190.000000 0.075335
191.000000 0.075418
192.000000 0.075334
193.000000 0.075418
194.000000 0.075334
195.000000 0.075418
196.000000 0.075335
197.000000 0.075419
198.000000 0.075335
199.000000 0.075419
200.000000 0.075334
201.000000 0.075418
202.000000 0.075335
203.000000 0.075419
204.000000 0.075335
205.000000 0.075419
206.000000 0.075334
207.000000 0.075418
208.000000 0.075335
209.000000 0.075419
210.000000 0.075335
211.000000 0.075419
212.000000 0.075335
213.000000 0.075418
214.000000 0.075335
215.000000 0.075419
216.000000 0.075335
217.000000 0.075419
218.000000 0.075335
219.000000 0.075418
220.000000 0.075334
221.000000 0.075418
222.000000 0.075335
223.000000 0.075419
224.000000 0.075251
225.000000 0.075335
226.000000 0.075252
227.000000 0.075336
228.000000 0.075251
229.000000 0.075335
230.000000 0.075252
231.000000 0.075336
232.000000 0.075251
233.000000 0.075418
234.000000 0.075334
235.000000 0.075418
236.000000 0.075269
237.000000 0.075436
238.000000 0.075352
239.000000 0.075436
240.000000 0.075352
241.000000 0.075435
242.000000 0.075268
243.000000 0.075435
244.000000 0.075351
245.000000 0.075435
246.000000 0.075352
247.000000 0.075436
248.000000 0.075351
249.000000 0.075435
250.000000 0.075352
251.000000 0.075436
252.000000 0.075352
253.000000 0.075436
254.000000 0.075352
255.000000 0.075435
256.000000 0.075351
257.000000 0.075435
258.000000 0.075351
259.000000 0.075435
260.000000 0.075352
261.000000 0.075436
262.000000 0.075352
263.000000 0.075435
264.000000 0.075351
265.000000 0.075435
266.000000 0.075352
267.000000 0.075436
268.000000 0.075352
269.000000 0.075436
270.000000 0.075351
271.000000 0.075435
272.000000 0.075351
273.000000 0.075435
274.000000 0.075352
275.000000 0.075436
276.000000 0.075351
277.000000 0.075435
278.000000 0.075351
279.000000 0.075435
280.000000 0.075352
281.000000 0.075436
282.000000 0.075351
283.000000 0.075435
284.000000 0.075351
285.000000 0.075435
286.000000 0.075352
287.000000 0.075436
288.000000 0.075252
289.000000 0.075336
290.000000 0.075252
291.000000 0.075336
292.000000 0.075251
293.000000 0.075335
294.000000 0.075252
295.000000 0.075336
296.000000 0.075251
297.000000 0.075418
298.000000 0.075334
299.000000 0.075418
300.000000 0.075252
301.000000 0.075419
302.000000 0.075335
303.000000 0.075419
304.000000 0.075335
305.000000 0.075418
306.000000 0.075251
307.000000 0.075435
308.000000 0.075351
309.000000 0.075435
310.000000 0.075352
311.000000 0.075436
312.000000 0.075352
313.000000 0.075436
314.000000 0.075352
315.000000 0.075435
316.000000 0.075352
317.000000 0.075436
318.000000 0.075351
319.000000 0.075435
320.000000 0.075351
321.000000 0.075435
322.000000 0.075351
323.000000 0.075435
324.000000 0.075352
325.000000 0.075436
326.000000 0.075352
327.000000 0.075435
328.000000 0.075351
329.000000 0.075435
330.000000 0.075352
331.000000 0.075436
332.000000 0.075352
333.000000 0.075435
334.000000 0.075351
335.000000 0.075435
336.000000 0.075352
337.000000 0.075436
338.000000 0.075352
339.000000 0.075435
340.000000 0.075351
341.000000 0.075435
342.000000 0.075352
343.000000 0.075436
344.000000 0.075352
345.000000 0.075435
346.000000 0.075351
347.000000 0.075435
348.000000 0.075352
349.000000 0.075436
350.000000 0.075352
351.000000 0.075436
352.000000 0.075252
353.000000 0.075336
354.000000 0.075252
355.000000 0.075335
356.000000 0.075251
357.000000 0.075335
358.000000 0.075252
359.000000 0.075336
360.000000 0.075251
361.000000 0.075418
362.000000 0.075334
363.000000 0.075418
364.000000 0.075252
365.000000 0.075419
366.000000 0.075335
367.000000 0.075419
368.000000 0.075335
369.000000 0.075419
370.000000 0.075251
371.000000 0.075418
372.000000 0.075334
373.000000 0.075418
374.000000 0.075335
375.000000 0.075419
376.000000 0.075335
377.000000 0.075436
378.000000 0.075352
379.000000 0.075435
380.000000 0.075352
381.000000 0.075435
382.000000 0.075351
383.000000 0.075435
384.000000 0.075352
385.000000 0.075436
386.000000 0.075351
387.000000 0.075435
388.000000 0.075352
389.000000 0.075436
390.000000 0.075351
391.000000 0.075435
392.000000 0.075351
393.000000 0.075435
394.000000 0.075352
395.000000 0.075436
396.000000 0.075351
397.000000 0.075435
398.000000 0.075351
399.000000 0.075435
400.000000 0.075352
401.000000 0.075436
402.000000 0.075351
403.000000 0.075435
404.000000 0.075351
405.000000 0.075435
406.000000 0.075352
407.000000 0.075436
408.000000 0.075352
409.000000 0.075435
410.000000 0.075351
411.000000 0.075435
412.000000 0.075352
413.000000 0.075436
414.000000 0.075352
415.000000 0.075435
416.000000 0.075252
417.000000 0.075336
418.000000 0.075251
419.000000 0.075335
420.000000 0.075251
421.000000 0.075335
422.000000 0.075252
423.000000 0.075335
424.000000 0.075251
425.000000 0.075419
426.000000 0.075335
427.000000 0.075418
428.000000 0.075251
429.000000 0.075418
430.000000 0.075335
431.000000 0.075419
432.000000 0.075335
433.000000 0.075419
434.000000 0.075251
435.000000 0.075418
436.000000 0.075334
437.000000 0.075418
438.000000 0.075335
439.000000 0.075419
440.000000 0.075318
441.000000 0.075402
442.000000 0.075318
443.000000 0.075402
444.000000 0.075318
445.000000 0.075402
446.000000 0.075318
447.000000 0.075401
448.000000 0.075335
449.000000 0.075419
450.000000 0.075335
451.000000 0.075419
452.000000 0.075335
453.000000 0.075419
454.000000 0.075334
455.000000 0.075418
456.000000 0.075335
457.000000 0.075419
458.000000 0.075335
459.000000 0.075419
460.000000 0.075335
461.000000 0.075418
462.000000 0.075335
463.000000 0.075419
464.000000 0.075335
465.000000 0.075419
466.000000 0.075335
467.000000 0.075418
468.000000 0.075334
469.000000 0.075418
470.000000 0.075335
471.000000 0.075419
472.000000 0.075335
473.000000 0.075418
474.000000 0.075334
475.000000 0.075418
476.000000 0.075335
477.000000 0.075419
478.000000 0.075335
479.000000 0.075418
480.000000 0.075252
481.000000 0.075335
482.000000 0.075251
483.000000 0.075335
484.000000 0.075252
485.000000 0.075336
486.000000 0.075251
487.000000 0.075335
488.000000 0.075252
489.000000 0.075419
490.000000 0.075335
491.000000 0.075418
492.000000 0.075251
493.000000 0.075418
494.000000 0.075335
495.000000 0.075419
496.000000 0.075335
497.000000 0.075419
498.000000 0.075251
499.000000 0.075418
500.000000 0.075334
501.000000 0.075418
502.000000 0.075335
503.000000 0.075419
504.000000 0.075335
505.000000 0.075419
506.000000 0.075335
507.000000 0.075419
508.000000 0.075335
509.000000 0.075419
510.000000 0.075335
511.000000 0.075418
512.000000 0.075318
513.000000 0.075402
514.000000 0.075318
515.000000 0.075402
516.000000 0.075318
517.000000 0.075402
518.000000 0.075318
519.000000 0.075418
520.000000 0.075334
521.000000 0.075418
522.000000 0.075335
523.000000 0.075419
524.000000 0.075335
525.000000 0.075418
526.000000 0.075334
527.000000 0.075418
528.000000 0.075335
529.000000 0.075419
530.000000 0.075335
531.000000 0.075418
532.000000 0.075334
533.000000 0.075418
534.000000 0.075335
535.000000 0.075419
536.000000 0.075335
537.000000 0.075419
538.000000 0.075334
539.000000 0.075418
540.000000 0.075335
541.000000 0.075419
542.000000 0.075335
543.000000 0.075419
544.000000 0.075252
545.000000 0.075335
546.000000 0.075251
547.000000 0.075335
548.000000 0.075252
549.000000 0.075336
550.000000 0.075251
551.000000 0.075335
552.000000 0.075252
553.000000 0.075419
554.000000 0.075335
555.000000 0.075419
556.000000 0.075251
557.000000 0.075418
558.000000 0.075334
559.000000 0.075418
560.000000 0.075335
561.000000 0.075419
562.000000 0.075251
563.000000 0.075418
564.000000 0.075335
565.000000 0.075418
566.000000 0.075335
567.000000 0.075419
568.000000 0.075334
569.000000 0.075418
570.000000 0.075335
571.000000 0.075419
572.000000 0.075335
573.000000 0.075419
574.000000 0.075335
575.000000 0.075419
576.000000 0.075334
577.000000 0.075418
578.000000 0.075334
579.000000 0.075418
580.000000 0.075335
581.000000 0.075419
582.000000 0.075318
583.000000 0.075402
584.000000 0.075318
585.000000 0.075401
586.000000 0.075318
587.000000 0.075402
588.000000 0.075318
589.000000 0.075402
590.000000 0.075318
591.000000 0.075401
592.000000 0.075335
593.000000 0.075419
594.000000 0.075335
595.000000 0.075419
596.000000 0.075334
597.000000 0.075418
598.000000 0.075335
599.000000 0.075419
600.000000 0.075335
601.000000 0.075419
602.000000 0.075334
603.000000 0.075418
604.000000 0.075335
605.000000 0.075419
606.000000 0.075335
607.000000 0.075419
608.000000 0.075251
609.000000 0.075335
610.000000 0.075251
611.000000 0.075335
612.000000 0.075252
613.000000 0.075336
614.000000 0.075251
615.000000 0.075335
616.000000 0.075252
617.000000 0.075419
618.000000 0.075335
619.000000 0.075419
620.000000 0.075251
621.000000 0.075418
622.000000 0.075334
623.000000 0.075418
624.000000 0.075335
625.000000 0.075419
626.000000 0.075252
627.000000 0.075419
628.000000 0.075335
629.000000 0.075418
630.000000 0.075334
631.000000 0.075418
632.000000 0.075334
633.000000 0.075418
634.000000 0.075335
635.000000 0.075419
636.000000 0.075335
637.000000 0.075419
638.000000 0.075335
639.000000 0.075419
640.000000 0.075334
641.000000 0.075418
642.000000 0.075335
643.000000 0.075418
644.000000 0.075334
645.000000 0.075418
646.000000 0.075335
647.000000 0.075419
648.000000 0.075335
649.000000 0.075418
650.000000 0.075334
651.000000 0.075418
652.000000 0.075335
653.000000 0.075419
654.000000 0.075335
655.000000 0.075418
656.000000 0.075318
657.000000 0.075402
658.000000 0.075318
659.000000 0.075402
660.000000 0.075318
661.000000 0.075402
662.000000 0.075318
663.000000 0.075402
664.000000 0.075318
665.000000 0.075419
666.000000 0.075335
667.000000 0.075418
668.000000 0.075335
669.000000 0.075419
670.000000 0.075335
671.000000 0.075419
672.000000 0.075251
673.000000 0.075335
674.000000 0.075252
675.000000 0.075336
676.000000 0.075252
677.000000 0.075335
678.000000 0.075251
679.000000 0.075335
680.000000 0.075252
681.000000 0.075419
682.000000 0.075335
683.000000 0.075419
684.000000 0.075251
685.000000 0.075418
686.000000 0.075334
687.000000 0.075418
688.000000 0.075335
689.000000 0.075419
690.000000 0.075252
691.000000 0.075419
692.000000 0.075335
693.000000 0.075419
694.000000 0.075334
695.000000 0.075418
696.000000 0.075334
697.000000 0.075418
698.000000 0.075335
699.000000 0.075419
700.000000 0.075335
701.000000 0.075419
702.000000 0.075335
703.000000 0.075419
704.000000 0.075335
705.000000 0.075418
706.000000 0.075335
707.000000 0.075418
708.000000 0.075334
709.000000 0.075418
710.000000 0.075335
711.000000 0.075419
712.000000 0.075335
713.000000 0.075419
714.000000 0.075334
715.000000 0.075418
716.000000 0.075335
717.000000 0.075419
718.000000 0.075335
719.000000 0.075419
720.000000 0.075334
721.000000 0.075418
722.000000 0.075335
723.000000 0.075419
724.000000 0.075335
725.000000 0.075419
726.000000 0.075334
727.000000 0.075418
728.000000 0.075318
729.000000 0.075402
730.000000 0.075318
731.000000 0.075402
732.000000 0.075317
733.000000 0.075401
734.000000 0.075318
735.000000 0.075402
736.000000 0.075251
737.000000 0.075335
738.000000 0.075252
739.000000 0.075336
740.000000 0.075252
741.000000 0.075335
742.000000 0.075252
743.000000 0.075336
744.000000 0.075252
745.000000 0.075419
746.000000 0.075335
747.000000 0.075419
748.000000 0.075251
749.000000 0.075418
750.000000 0.075335
751.000000 0.075418
752.000000 0.075335
753.000000 0.075419
754.000000 0.075252
755.000000 0.075419
756.000000 0.075335
757.000000 0.075419
758.000000 0.075334
759.000000 0.075418
760.000000 0.075335
761.000000 0.075418
762.000000 0.075335
763.000000 0.075419
764.000000 0.075334
765.000000 0.075418
766.000000 0.075335
767.000000 0.075419
768.000000 0.075335
769.000000 0.075418
770.000000 0.075335
771.000000 0.075419
772.000000 0.075334
773.000000 0.075418
774.000000 0.075335
775.000000 0.075419
776.000000 0.075335
777.000000 0.075419
778.000000 0.075334
779.000000 0.075418
780.000000 0.075335
781.000000 0.075419
782.000000 0.075335
783.000000 0.075419
784.000000 0.075334
785.000000 0.075418
786.000000 0.075335
787.000000 0.075419
788.000000 0.075335
789.000000 0.075419
790.000000 0.075335
791.000000 0.075418
792.000000 0.075335
793.000000 0.075419
794.000000 0.075335
795.000000 0.075419
796.000000 0.075335
797.000000 0.075418
798.000000 0.075334
799.000000 0.075418
800.000000 0.075251
801.000000 0.075335
802.000000 0.075252
803.000000 0.075336
804.000000 0.075251
805.000000 0.075335
806.000000 0.075252
807.000000 0.075353
808.000000 0.075252
809.000000 0.075419
810.000000 0.075335
811.000000 0.075419
812.000000 0.075252
813.000000 0.075419
814.000000 0.075335
815.000000 0.075418
816.000000 0.075334
817.000000 0.075418
818.000000 0.075252
819.000000 0.075419
820.000000 0.075335
821.000000 0.075419
822.000000 0.075335
823.000000 0.075418
824.000000 0.075335
825.000000 0.075418
826.000000 0.075334
827.000000 0.075418
828.000000 0.075334
829.000000 0.075418
830.000000 0.075335
831.000000 0.075419
832.000000 0.075335
833.000000 0.075419
834.000000 0.075335
835.000000 0.075419
836.000000 0.075334
837.000000 0.075418
838.000000 0.075335
839.000000 0.075419
840.000000 0.075335
841.000000 0.075419
842.000000 0.075335
843.000000 0.075418
844.000000 0.075335
845.000000 0.075419
846.000000 0.075335
847.000000 0.075419
848.000000 0.075335
849.000000 0.075418
850.000000 0.075334
851.000000 0.075418
852.000000 0.075335
853.000000 0.075419
854.000000 0.075335
855.000000 0.075418
856.000000 0.075334
857.000000 0.075418
858.000000 0.075335
859.000000 0.075419
860.000000 0.075335
861.000000 0.075418
862.000000 0.075334
863.000000 0.075418
864.000000 0.075252
865.000000 0.075336
866.000000 0.075252
867.000000 0.075335
868.000000 0.075251
869.000000 0.075335
870.000000 0.075252
871.000000 0.075335
872.000000 0.075251
873.000000 0.075418
874.000000 0.075335
875.000000 0.075419
876.000000 0.075252
877.000000 0.075419
878.000000 0.075335
879.000000 0.075419
880.000000 0.075334
881.000000 0.075418
882.000000 0.075252
883.000000 0.075419
884.000000 0.075335
885.000000 0.075419
886.000000 0.075335
887.000000 0.075418
888.000000 0.075335
889.000000 0.075419
890.000000 0.075334
891.000000 0.075418
892.000000 0.075334
893.000000 0.075418
894.000000 0.075335
895.000000 0.075419
896.000000 0.075335
897.000000 0.075419
898.000000 0.075335
899.000000 0.075419
900.000000 0.075335
901.000000 0.075418
902.000000 0.075334
903.000000 0.075418
904.000000 0.075335
905.000000 0.075419
906.000000 0.075335
907.000000 0.075418
908.000000 0.075334
909.000000 0.075418
910.000000 0.075335
911.000000 0.075419
912.000000 0.075335
913.000000 0.075418
914.000000 0.075334
915.000000 0.075418
916.000000 0.075335
917.000000 0.075419
918.000000 0.075335
919.000000 0.075419
920.000000 0.075334
921.000000 0.075418
922.000000 0.075335
923.000000 0.075419
924.000000 0.075335
925.000000 0.075419
926.000000 0.075334
927.000000 0.075418
928.000000 0.075252
929.000000 0.075336
930.000000 0.075251
931.000000 0.075335
932.000000 0.075251
933.000000 0.075335
934.000000 0.075251
935.000000 0.075335
936.000000 0.075251
937.000000 0.075418
938.000000 0.075335
939.000000 0.075419
940.000000 0.075265
941.000000 0.075432
942.000000 0.075348
943.000000 0.075432
944.000000 0.075348
945.000000 0.075432
946.000000 0.075252
947.000000 0.075419
948.000000 0.075335
949.000000 0.075419
950.000000 0.075335
951.000000 0.075419
952.000000 0.075335
953.000000 0.075419
954.000000 0.075334
955.000000 0.075418
956.000000 0.075335
957.000000 0.075418
958.000000 0.075335
959.000000 0.075419
960.000000 0.075335
961.000000 0.075419
962.000000 0.075335
963.000000 0.075419
964.000000 0.075335
965.000000 0.075418
966.000000 0.075334
967.000000 0.075418
968.000000 0.075335
969.000000 0.075419
970.000000 0.075335
971.000000 0.075419
972.000000 0.075334
973.000000 0.075418
974.000000 0.075335
975.000000 0.075419
976.000000 0.075335
977.000000 0.075419
978.000000 0.075334
979.000000 0.075418
980.000000 0.075335
981.000000 0.075419
982.000000 0.075335
983.000000 0.075419
984.000000 0.075334
985.000000 0.075418
986.000000 0.075335
987.000000 0.075419
988.000000 0.075335
989.000000 0.075419
990.000000 0.075334
991.000000 0.075418
992.000000 0.075252
993.000000 0.075336
994.000000 0.075251
995.000000 0.075335
996.000000 0.075251
997.000000 0.075335
998.000000 0.075251
999.000000 0.075335
1000.000000 0.075251
1001.000000 0.075418
1002.000000 0.075334
1003.000000 0.075418
1004.000000 0.075251
1005.000000 0.075418
1006.000000 0.075334
1007.000000 0.075418
1008.000000 0.075335
1009.000000 0.075419
1010.000000 0.075252
1011.000000 0.075436
1012.000000 0.075352
1013.000000 0.075436
1014.000000 0.075352
1015.000000 0.075435
1016.000000 0.075352
1017.000000 0.075435
1018.000000 0.075351
1019.000000 0.075435
1020.000000 0.075351
1021.000000 0.075435
1022.000000 0.075351
1023.000000 0.075435
1024.000000 0.075352
1025.000000 0.075436
1026.000000 0.075352
1027.000000 0.075436
1028.000000 0.075352
1029.000000 0.075435
1030.000000 0.075351
1031.000000 0.075435
1032.000000 0.075352
1033.000000 0.075436
1034.000000 0.075352
1035.000000 0.075435
1036.000000 0.075351
1037.000000 0.075435
1038.000000 0.075352
1039.000000 0.075436
1040.000000 0.075352
1041.000000 0.075435
1042.000000 0.075351
1043.000000 0.075435
1044.000000 0.075352
1045.000000 0.075436
1046.000000 0.075352
1047.000000 0.075435
1048.000000 0.075351
1049.000000 0.075435
1050.000000 0.075352
1051.000000 0.075436
1052.000000 0.075352
1053.000000 0.075436
1054.000000 0.075351
1055.000000 0.075435
1056.000000 0.075252
1057.000000 0.075335
1058.000000 0.075251
1059.000000 0.075335
1060.000000 0.075252
1061.000000 0.075336
1062.000000 0.075251
1063.000000 0.075335
1064.000000 0.075251
1065.000000 0.075418
1066.000000 0.075334
1067.000000 0.075418
1068.000000 0.075251
1069.000000 0.075418
1070.000000 0.075335
1071.000000 0.075418
1072.000000 0.075335
1073.000000 0.075419
1074.000000 0.075252
1075.000000 0.075419
1076.000000 0.075335
1077.000000 0.075419
1078.000000 0.075335
1079.000000 0.075418
1080.000000 0.075335
1081.000000 0.075435
1082.000000 0.075351
1083.000000 0.075435
1084.000000 0.075351
1085.000000 0.075435
1086.000000 0.075352
1087.000000 0.075436
1088.000000 0.075352
1089.000000 0.075435
1090.000000 0.075352
1091.000000 0.075436
1092.000000 0.075351
1093.000000 0.075435
1094.000000 0.075351
1095.000000 0.075435
1096.000000 0.075352
1097.000000 0.075436
1098.000000 0.075351
1099.000000 0.075435
1100.000000 0.075351
1101.000000 0.075435
1102.000000 0.075352
1103.000000 0.075436
1104.000000 0.075351
1105.000000 0.075435
1106.000000 0.075351
1107.000000 0.075435
1108.000000 0.075352
1109.000000 0.075436
1110.000000 0.075352
1111.000000 0.075435
1112.000000 0.075351
1113.000000 0.075435
1114.000000 0.075352
1115.000000 0.075436
1116.000000 0.075352
1117.000000 0.075435
1118.000000 0.075351
1119.000000 0.075435
1120.000000 0.075251
1121.000000 0.075335
1122.000000 0.075251
1123.000000 0.075335
1124.000000 0.075252
1125.000000 0.075336
1126.000000 0.075251
1127.000000 0.075335
1128.000000 0.075251
1129.000000 0.075418
1130.000000 0.075334
1131.000000 0.075418
1132.000000 0.075252
1133.000000 0.075419
1134.000000 0.075335
1135.000000 0.075418
1136.000000 0.075334
1137.000000 0.075418
1138.000000 0.075252
1139.000000 0.075419
1140.000000 0.075335
1141.000000 0.075419
1142.000000 0.075335
1143.000000 0.075419
1144.000000 0.075318
1145.000000 0.075402
1146.000000 0.075317
1147.000000 0.075401
1148.000000 0.075318
1149.000000 0.075401
1150.000000 0.075318
1151.000000 0.075402
1152.000000 0.075335
1153.000000 0.075419
1154.000000 0.075335
1155.000000 0.075419
1156.000000 0.075334
1157.000000 0.075418
1158.000000 0.075335
1159.000000 0.075419
1160.000000 0.075335
1161.000000 0.075419
1162.000000 0.075335
1163.000000 0.075418
1164.000000 0.075335
1165.000000 0.075419
1166.000000 0.075335
1167.000000 0.075419
1168.000000 0.075335
1169.000000 0.075418
1170.000000 0.075334
1171.000000 0.075418
1172.000000 0.075335
1173.000000 0.075419
1174.000000 0.075335
1175.000000 0.075418
1176.000000 0.075334
1177.000000 0.075418
1178.000000 0.075335
1179.000000 0.075419
1180.000000 0.075335
1181.000000 0.075418
1182.000000 0.075334
1183.000000 0.075418
1184.000000 0.075251
1185.000000 0.075335
1186.000000 0.075252
1187.000000 0.075336
1188.000000 0.075252
1189.000000 0.075336
1190.000000 0.075252
1191.000000 0.075336
1192.000000 0.075251
1193.000000 0.075418
1194.000000 0.075335
1195.000000 0.075418
1196.000000 0.075252
1197.000000 0.075419
1198.000000 0.075335
1199.000000 0.075419
1200.000000 0.075334
1201.000000 0.075418
1202.000000 0.075251
1203.000000 0.075418
1204.000000 0.075335
1205.000000 0.075419
1206.000000 0.075335
1207.000000 0.075419
1208.000000 0.075335
1209.000000 0.075419
1210.000000 0.075335
1211.000000 0.075418
1212.000000 0.075335
1213.000000 0.075418
1214.000000 0.075334
1215.000000 0.075418
1216.000000 0.075318
1217.000000 0.075402
1218.000000 0.075318
1219.000000 0.075402
1220.000000 0.075318
1221.000000 0.075402
1222.000000 0.075317
1223.000000 0.075401
1224.000000 0.075335
1225.000000 0.075419
1226.000000 0.075335
1227.000000 0.075418
1228.000000 0.075334
1229.000000 0.075418
1230.000000 0.075335
1231.000000 0.075419
1232.000000 0.075335
1233.000000 0.075418
1234.000000 0.075334
1235.000000 0.075418
1236.000000 0.075335
1237.000000 0.075419
1238.000000 0.075335
1239.000000 0.075419
1240.000000 0.075334
1241.000000 0.075418
1242.000000 0.075335
1243.000000 0.075419
1244.000000 0.075335
1245.000000 0.075419
1246.000000 0.075334
1247.000000 0.075418
1248.000000 0.075251
1249.000000 0.075335
1250.000000 0.075252
1251.000000 0.075336
1252.000000 0.075252
1253.000000 0.075335
1254.000000 0.075252
1255.000000 0.075336
1256.000000 0.075252
1257.000000 0.075419
1258.000000 0.075335
1259.000000 0.075418
1260.000000 0.075252
1261.000000 0.075419
1262.000000 0.075335
1263.000000 0.075419
1264.000000 0.075334
1265.000000 0.075418
1266.000000 0.075251
1267.000000 0.075418
1268.000000 0.075335
1269.000000 0.075419
1270.000000 0.075335
1271.000000 0.075419
1272.000000 0.075335
1273.000000 0.075419
1274.000000 0.075335
1275.000000 0.075418
1276.000000 0.075335
1277.000000 0.075419
1278.000000 0.075334
1279.000000 0.075418
1280.000000 0.075335
1281.000000 0.075419
1282.000000 0.075335
1283.000000 0.075419
1284.000000 0.075335
1285.000000 0.075419
1286.000000 0.075335
1287.000000 0.075418
1288.000000 0.075318
1289.000000 0.075402
1290.000000 0.075318
1291.000000 0.075402
1292.000000 0.075318
1293.000000 0.075401
1294.000000 0.075318
1295.000000 0.075402
1296.000000 0.075318
1297.000000 0.075419
1298.000000 0.075334
1299.000000 0.075418
1300.000000 0.075335
1301.000000 0.075419
1302.000000 0.075335
1303.000000 0.075419
1304.000000 0.075334
1305.000000 0.075418
1306.000000 0.075335
1307.000000 0.075419
1308.000000 0.075335
1309.000000 0.075419
1310.000000 0.075334
1311.000000 0.075418
1312.000000 0.075251
1313.000000 0.075335
1314.000000 0.075252
1315.000000 0.075336
1316.000000 0.075251
1317.000000 0.075335
1318.000000 0.075252
1319.000000 0.075336
1320.000000 0.075252
1321.000000 0.075419
1322.000000 0.075335
1323.000000 0.075419
1324.000000 0.075252
1325.000000 0.075419
1326.000000 0.075335
1327.000000 0.075419
1328.000000 0.075335
1329.000000 0.075418
1330.000000 0.075251
1331.000000 0.075418
1332.000000 0.075334
1333.000000 0.075418
1334.000000 0.075335
1335.000000 0.075419
1336.000000 0.075335
1337.000000 0.075419
1338.000000 0.075335
1339.000000 0.075419
1340.000000 0.075335
1341.000000 0.075419
1342.000000 0.075334
1343.000000 0.075418
1344.000000 0.075335
1345.000000 0.075419
1346.000000 0.075334
1347.000000 0.075418
1348.000000 0.075335
1349.000000 0.075419
1350.000000 0.075335
1351.000000 0.075418
1352.000000 0.075334
1353.000000 0.075418
1354.000000 0.075335
1355.000000 0.075419
1356.000000 0.075335
1357.000000 0.075418
1358.000000 0.075334
1359.000000 0.075418
1360.000000 0.075318
1361.000000 0.075402
1362.000000 0.075318
1363.000000 0.075402
1364.000000 0.075318
1365.000000 0.075402
1366.000000 0.075318
1367.000000 0.075402
1368.000000 0.075318
1369.000000 0.075402
1370.000000 0.075335
1371.000000 0.075419
1372.000000 0.075335
1373.000000 0.075419
1374.000000 0.075335
1375.000000 0.075418
1376.000000 0.075252
1377.000000 0.075336
1378.000000 0.075252
1379.000000 0.075335
1380.000000 0.075251
1381.000000 0.075335
1382.000000 0.075252
1383.000000 0.075335
1384.000000 0.075252
1385.000000 0.075419
1386.000000 0.075335
1387.000000 0.075419
1388.000000 0.075252
1389.000000 0.075419
1390.000000 0.075335
1391.000000 0.075419
1392.000000 0.075335
1393.000000 0.075418
1394.000000 0.075251
1395.000000 0.075418
1396.000000 0.075334
1397.000000 0.075418
1398.000000 0.075335
1399.000000 0.075419
1400.000000 0.075335
1401.000000 0.075419
1402.000000 0.075335
1403.000000 0.075419
1404.000000 0.075335
1405.000000 0.075419
1406.000000 0.075335
1407.000000 0.075418
1408.000000 0.075334
1409.000000 0.075418
1410.000000 0.075334
1411.000000 0.075418
1412.000000 0.075335
1413.000000 0.075419
1414.000000 0.075335
1415.000000 0.075419
1416.000000 0.075334
1417.000000 0.075418
1418.000000 0.075335
1419.000000 0.075419
1420.000000 0.075335
1421.000000 0.075419
1422.000000 0.075334
1423.000000 0.075418
1424.000000 0.075335
1425.000000 0.075419
1426.000000 0.075335
1427.000000 0.075419
1428.000000 0.075334
1429.000000 0.075418
1430.000000 0.075335
1431.000000 0.075419
1432.000000 0.075335
1433.000000 0.075419
1434.000000 0.075317
1435.000000 0.075401
1436.000000 0.075318
1437.000000 0.075402
1438.000000 0.075318
1439.000000 0.075402
1440.000000 0.075252
1441.000000 0.075336
1442.000000 0.075252
1443.000000 0.075335
1444.000000 0.075251
1445.000000 0.075335
1446.000000 0.075251
1447.000000 0.075335
1448.000000 0.075252
1449.000000 0.075419
1450.000000 0.075335
1451.000000 0.075419
1452.000000 0.075252
1453.000000 0.075419
1454.000000 0.075335
1455.000000 0.075419
1456.000000 0.075335
1457.000000 0.075419
1458.000000 0.075251
1459.000000 0.075418
1460.000000 0.075334
1461.000000 0.075418
1462.000000 0.075335
1463.000000 0.075419
1464.000000 0.075335
1465.000000 0.075419
1466.000000 0.075335
1467.000000 0.075419
1468.000000 0.075335
1469.000000 0.075419
1470.000000 0.075335
1471.000000 0.075418
1472.000000 0.075334
1473.000000 0.075418
1474.000000 0.075334
1475.000000 0.075418
1476.000000 0.075335
1477.000000 0.075419
1478.000000 0.075335
1479.000000 0.075419
1480.000000 0.075334
1481.000000 0.075418
1482.000000 0.075335
1483.000000 0.075419
1484.000000 0.075335
1485.000000 0.075419
1486.000000 0.075334
1487.000000 0.075418
1488.000000 0.075335
1489.000000 0.075419
1490.000000 0.075335
1491.000000 0.075419
1492.000000 0.075335
1493.000000 0.075418
1494.000000 0.075335
1495.000000 0.075419
1496.000000 0.075335
1497.000000 0.075419
1498.000000 0.075335
1499.000000 0.075418
1500.000000 0.075334
1501.000000 0.075418
1502.000000 0.075335
1503.000000 0.075419
1504.000000 0.075252
1505.000000 0.075336
1506.000000 0.075251
1507.000000 0.075335
1508.000000 0.075251
1509.000000 0.075335
1510.000000 0.075251
1511.000000 0.075335
1512.000000 0.075252
1513.000000 0.075419
1514.000000 0.075335
1515.000000 0.075419
1516.000000 0.075252
1517.000000 0.075419
1518.000000 0.075335
1519.000000 0.075419
1520.000000 0.075335
1521.000000 0.075419
1522.000000 0.075251
1523.000000 0.075418
1524.000000 0.075335
1525.000000 0.075418
1526.000000 0.075335
1527.000000 0.075419
1528.000000 0.075334
1529.000000 0.075418
1530.000000 0.075335
1531.000000 0.075419
1532.000000 0.075335
1533.000000 0.075419
1534.000000 0.075335
1535.000000 0.075419
1536.000000 0.075334
1537.000000 0.075418
1538.000000 0.075334
1539.000000 0.075418
1540.000000 0.075335
1541.000000 0.075419
1542.000000 0.075335
1543.000000 0.075419
1544.000000 0.075335
1545.000000 0.075418
1546.000000 0.075335
1547.000000 0.075419
1548.000000 0.075335
1549.000000 0.075419
1550.000000 0.075335
1551.000000 0.075418
1552.000000 0.075334
1553.000000 0.075418
1554.000000 0.075335
1555.000000 0.075419
1556.000000 0.075335
1557.000000 0.075418
1558.000000 0.075334
1559.000000 0.075418
1560.000000 0.075335
1561.000000 0.075419
1562.000000 0.075335
1563.000000 0.075418
1564.000000 0.075334
1565.000000 0.075418
1566.000000 0.075335
1567.000000 0.075419
1568.000000 0.075252
1569.000000 0.075335
1570.000000 0.075251
1571.000000 0.075335
1572.000000 0.075252
1573.000000 0.075336
1574.000000 0.075251
1575.000000 0.075335
1576.000000 0.075252
1577.000000 0.075419
1578.000000 0.075335
1579.000000 0.075419
1580.000000 0.075251
1581.000000 0.075418
1582.000000 0.075335
1583.000000 0.075419
1584.000000 0.075335
1585.000000 0.075419
1586.000000 0.075252
1587.000000 0.075419
1588.000000 0.075335
1589.000000 0.075418
1590.000000 0.075334
1591.000000 0.075418
1592.000000 0.075334
1593.000000 0.075418
1594.000000 0.075335
1595.000000 0.075419
1596.000000 0.075335
1597.000000 0.075419
1598.000000 0.075335
1599.000000 0.075419
1600.000000 0.075334
1601.000000 0.075418
1602.000000 0.075335
1603.000000 0.075418
1604.000000 0.075334
1605.000000 0.075418
1606.000000 0.075335
1607.000000 0.075419
1608.000000 0.075335
1609.000000 0.075418
1610.000000 0.075334
1611.000000 0.075418
1612.000000 0.075335
1613.000000 0.075419
1614.000000 0.075335
1615.000000 0.075418
1616.000000 0.075334
1617.000000 0.075418
1618.000000 0.075335
1619.000000 0.075419
1620.000000 0.075335
1621.000000 0.075419
1622.000000 0.075334
1623.000000 0.075418
1624.000000 0.075335
1625.000000 0.075419
1626.000000 0.075335
1627.000000 0.075419
1628.000000 0.075334
1629.000000 0.075418
1630.000000 0.075335
1631.000000 0.075419
1632.000000 0.075251
1633.000000 0.075335
1634.000000 0.075251
1635.000000 0.075335
1636.000000 0.075252
1637.000000 0.075336
1638.000000 0.075251
1639.000000 0.075335
1640.000000 0.075252
1641.000000 0.075419
1642.000000 0.075335
1643.000000 0.075419
1644.000000 0.075251
1645.000000 0.075435
1646.000000 0.075351
1647.000000 0.075435
1648.000000 0.075352
1649.000000 0.075436
1650.000000 0.075252
1651.000000 0.075419
1652.000000 0.075335
1653.000000 0.075419
1654.000000 0.075334
1655.000000 0.075418
1656.000000 0.075334
1657.000000 0.075418
1658.000000 0.075335
1659.000000 0.075419
1660.000000 0.075335
1661.000000 0.075419
1662.000000 0.075335
1663.000000 0.075419
1664.000000 0.075335
1665.000000 0.075418
1666.000000 0.075335
1667.000000 0.075418
1668.000000 0.075334
1669.000000 0.075418
1670.000000 0.075335
1671.000000 0.075419
1672.000000 0.075335
1673.000000 0.075419
1674.000000 0.075334
1675.000000 0.075418
1676.000000 0.075335
1677.000000 0.075419
1678.000000 0.075335
1679.000000 0.075419
1680.000000 0.075334
1681.000000 0.075418
1682.000000 0.075335
1683.000000 0.075419
1684.000000 0.075335
1685.000000 0.075419
1686.000000 0.075334
1687.000000 0.075418
1688.000000 0.075335
1689.000000 0.075419
1690.000000 0.075335
1691.000000 0.075419
1692.000000 0.075334
1693.000000 0.075418
1694.000000 0.075335
1695.000000 0.075419
1696.000000 0.075251
1697.000000 0.075335
1698.000000 0.075251
1699.000000 0.075335
1700.000000 0.075252
1701.000000 0.075336
1702.000000 0.075252
1703.000000 0.075336
1704.000000 0.075251
1705.000000 0.075418
1706.000000 0.075335
1707.000000 0.075419
1708.000000 0.075251
1709.000000 0.075418
1710.000000 0.075335
1711.000000 0.075419
1712.000000 0.075335
1713.000000 0.075419
1714.000000 0.075252
1715.000000 0.075419
1716.000000 0.075352
1717.000000 0.075435
1718.000000 0.075351
1719.000000 0.075435
1720.000000 0.075351
1721.000000 0.075435
1722.000000 0.075352
1723.000000 0.075436
1724.000000 0.075351
1725.000000 0.075435
1726.000000 0.075352
1727.000000 0.075436
1728.000000 0.075351
1729.000000 0.075435
1730.000000 0.075352
1731.000000 0.075435
1732.000000 0.075351
1733.000000 0.075435
1734.000000 0.075352
1735.000000 0.075436
1736.000000 0.075352
1737.000000 0.075435
1738.000000 0.075351
1739.000000 0.075435
1740.000000 0.075352
1741.000000 0.075436
1742.000000 0.075352
1743.000000 0.075435
1744.000000 0.075351
1745.000000 0.075435
1746.000000 0.075352
1747.000000 0.075436
1748.000000 0.075352
1749.000000 0.075435
1750.000000 0.075351
1751.000000 0.075435
1752.000000 0.075352
1753.000000 0.075436
1754.000000 0.075352
1755.000000 0.075436
1756.000000 0.075351
1757.000000 0.075435
1758.000000 0.075351
1759.000000 0.075435
1760.000000 0.075251
1761.000000 0.075335
1762.000000 0.075252
1763.000000 0.075336
1764.000000 0.075252
1765.000000 0.075335
1766.000000 0.075252
1767.000000 0.075336
1768.000000 0.075251
1769.000000 0.075418
1770.000000 0.075334
1771.000000 0.075418
1772.000000 0.075251
1773.000000 0.075418
1774.000000 0.075335
1775.000000 0.075419
1776.000000 0.075335
1777.000000 0.075419
1778.000000 0.075252
1779.000000 0.075336
1780.000000 0.075318
1781.000000 0.075402
1782.000000 0.075318
1783.000000 0.075401
1784.000000 0.075318
1785.000000 0.075401
1786.000000 0.075335
1787.000000 0.075419
1788.000000 0.075335
1789.000000 0.075419
1790.000000 0.075335
1791.000000 0.075419
1792.000000 0.075335
1793.000000 0.075418
1794.000000 0.075335
1795.000000 0.075418
1796.000000 0.075334
1797.000000 0.075418
1798.000000 0.075335
1799.000000 0.075419
1800.000000 0.075335
1801.000000 0.075418
1802.000000 0.075334
1803.000000 0.075418
1804.000000 0.075335
1805.000000 0.075419
1806.000000 0.075335
1807.000000 0.075419
1808.000000 0.075334
1809.000000 0.075418
1810.000000 0.075335
1811.000000 0.075419
1812.000000 0.075335
1813.000000 0.075419
1814.000000 0.075334
1815.000000 0.075418
1816.000000 0.075335
1817.000000 0.075419
1818.000000 0.075335
1819.000000 0.075419
1820.000000 0.075334
1821.000000 0.075418
1822.000000 0.075335
1823.000000 0.075419
1824.000000 0.075251
1825.000000 0.075335
1826.000000 0.075252
1827.000000 0.075336
1828.000000 0.075251
1829.000000 0.075335
1830.000000 0.075252
1831.000000 0.075336
1832.000000 0.075251
1833.000000 0.075418
1834.000000 0.075334
1835.000000 0.075418
1836.000000 0.075251
1837.000000 0.075418
1838.000000 0.075334
1839.000000 0.075418
1840.000000 0.075335
1841.000000 0.075419
1842.000000 0.075332
1843.000000 0.075415
1844.000000 0.075332
1845.000000 0.075416
1846.000000 0.075331
1847.000000 0.075415
1848.000000 0.075331
1849.000000 0.075415
1850.000000 0.075315
1851.000000 0.075399
1852.000000 0.075314
1853.000000 0.075398
1854.000000 0.075315
1855.000000 0.075399
1856.000000 0.075315
1857.000000 0.075415
1858.000000 0.075331
1859.000000 0.075415
1860.000000 0.075331
1861.000000 0.075415
1862.000000 0.075332
1863.000000 0.075416
1864.000000 0.075332
1865.000000 0.075415
1866.000000 0.075331
1867.000000 0.075415
1868.000000 0.075332
1869.000000 0.075416
1870.000000 0.075332
1871.000000 0.075415
1872.000000 0.075331
1873.000000 0.075415
1874.000000 0.075332
1875.000000 0.075416
1876.000000 0.075332
1877.000000 0.075415
1878.000000 0.075331
1879.000000 0.075415
1880.000000 0.075332
1881.000000 0.075416
1882.000000 0.075332
1883.000000 0.075415
1884.000000 0.075331
1885.000000 0.075415
1886.000000 0.075332
1887.000000 0.075416
1888.000000 0.075252
1889.000000 0.075336
1890.000000 0.075252
1891.000000 0.075336
1892.000000 0.075251
1893.000000 0.075335
1894.000000 0.075252
1895.000000 0.075335
1896.000000 0.075251
1897.000000 0.075418
1898.000000 0.075334
1899.000000 0.075418
1900.000000 0.075251
1901.000000 0.075418
1902.000000 0.075334
1903.000000 0.075418
1904.000000 0.075335
1905.000000 0.075419
1906.000000 0.075335
1907.000000 0.075419
1908.000000 0.075335
1909.000000 0.075419
1910.000000 0.075334
1911.000000 0.075418
1912.000000 0.075335
1913.000000 0.075418
1914.000000 0.075334
1915.000000 0.075418
1916.000000 0.075334
1917.000000 0.075418
1918.000000 0.075335
1919.000000 0.075419
1920.000000 0.075318
1921.000000 0.075402
1922.000000 0.075318
1923.000000 0.075402
1924.000000 0.075317
1925.000000 0.075401
1926.000000 0.075318
1927.000000 0.075402
1928.000000 0.075318
1929.000000 0.075418
1930.000000 0.075334
1931.000000 0.075418
1932.000000 0.075335
1933.000000 0.075419
1934.000000 0.075335
1935.000000 0.075418
1936.000000 0.075334
1937.000000 0.075418
1938.000000 0.075335
1939.000000 0.075419
1940.000000 0.075335
1941.000000 0.075419
1942.000000 0.075334
1943.000000 0.075418
1944.000000 0.075335
1945.000000 0.075419
1946.000000 0.075335
1947.000000 0.075419
1948.000000 0.075334
1949.000000 0.075418
1950.000000 0.075335
1951.000000 0.075419
1952.000000 0.075252
1953.000000 0.075336
1954.000000 0.075252
1955.000000 0.075335
1956.000000 0.075251
1957.000000 0.075335
1958.000000 0.075252
1959.000000 0.075335
1960.000000 0.075251
1961.000000 0.075418
1962.000000 0.075334
1963.000000 0.075418
1964.000000 0.075251
1965.000000 0.075418
1966.000000 0.075334
1967.000000 0.075418
1968.000000 0.075335
1969.000000 0.075419
1970.000000 0.075335
1971.000000 0.075419
1972.000000 0.075335
1973.000000 0.075419
1974.000000 0.075335
1975.000000 0.075418
1976.000000 0.075335
1977.000000 0.075418
1978.000000 0.075334
1979.000000 0.075418
1980.000000 0.075334
1981.000000 0.075418
1982.000000 0.075335
1983.000000 0.075419
1984.000000 0.075335
1985.000000 0.075419
1986.000000 0.075335
1987.000000 0.075419
1988.000000 0.075335
1989.000000 0.075418
1990.000000 0.075335
1991.000000 0.075419
1992.000000 0.075318
1993.000000 0.075402
1994.000000 0.075318
1995.000000 0.075401
1996.000000 0.075318
1997.000000 0.075402
1998.000000 0.075318
1999.000000 0.075402
2000.000000 0.075318
2001.000000 0.075401
2002.000000 0.075335
2003.000000 0.075419
2004.000000 0.075335
2005.000000 0.075419
2006.000000 0.075334
2007.000000 0.075418
2008.000000 0.075335
2009.000000 0.075419
2010.000000 0.075335
2011.000000 0.075419
2012.000000 0.075334
2013.000000 0.075418
2014.000000 0.075335
2015.000000 0.075419
2016.000000 0.075252
2017.000000 0.075336
2018.000000 0.075251
2019.000000 0.075335
2020.000000 0.075251
2021.000000 0.075335
2022.000000 0.075251
2023.000000 0.075335
2024.000000 0.075251
2025.000000 0.075419
2026.000000 0.075335
2027.000000 0.075418
2028.000000 0.075251
2029.000000 0.075418
2030.000000 0.075335
2031.000000 0.075418
2032.000000 0.075335
2033.000000 0.075419
2034.000000 0.075335
2035.000000 0.075419
2036.000000 0.075335
2037.000000 0.075419
2038.000000 0.075335
2039.000000 0.075418
2040.000000 0.075335
2041.000000 0.075419
2042.000000 0.075334
2043.000000 0.075418
2044.000000 0.075334
2045.000000 0.075418
2046.000000 0.075335
2047.000000 0.075419
2048.000000 0.075335
2049.000000 0.075419
2050.000000 0.075335
2051.000000 0.075419
2052.000000 0.075335
2053.000000 0.075418
2054.000000 0.075334
2055.000000 0.075418
2056.000000 0.075335
2057.000000 0.075419
2058.000000 0.075335
2059.000000 0.075418
2060.000000 0.075334
2061.000000 0.075418
2062.000000 0.075335
2063.000000 0.075419
2064.000000 0.075335
2065.000000 0.075419
2066.000000 0.075318
2067.000000 0.075402
2068.000000 0.075318
2069.000000 0.075402
2070.000000 0.075318
2071.000000 0.075402
2072.000000 0.075318
2073.000000 0.075402
2074.000000 0.075318
2075.000000 0.075419
2076.000000 0.075335
2077.000000 0.075418
2078.000000 0.075334
2079.000000 0.075418
2080.000000 0.075252
2081.000000 0.075335
2082.000000 0.075251
2083.000000 0.075335
2084.000000 0.075252
2085.000000 0.075336
2086.000000 0.075251
2087.000000 0.075335
2088.000000 0.075252
2089.000000 0.075419
2090.000000 0.075335
2091.000000 0.075418
2092.000000 0.075252
2093.000000 0.075419
2094.000000 0.075335
2095.000000 0.075418
2096.000000 0.075334
2097.000000 0.075418
2098.000000 0.075335
2099.000000 0.075419
2100.000000 0.075335
2101.000000 0.075419
2102.000000 0.075335
2103.000000 0.075419
2104.000000 0.075335
2105.000000 0.075419
2106.000000 0.075334
2107.000000 0.075418
2108.000000 0.075335
2109.000000 0.075418
2110.000000 0.075334
2111.000000 0.075418
2112.000000 0.075335
2113.000000 0.075419
2114.000000 0.075335
2115.000000 0.075419
2116.000000 0.075335
2117.000000 0.075419
2118.000000 0.075334
2119.000000 0.075418
2120.000000 0.075335
2121.000000 0.075419
2122.000000 0.075335
2123.000000 0.075419
2124.000000 0.075334
2125.000000 0.075418
2126.000000 0.075335
2127.000000 0.075419
2128.000000 0.075335
2129.000000 0.075419
2130.000000 0.075334
2131.000000 0.075418
2132.000000 0.075335
2133.000000 0.075419
2134.000000 0.075335
2135.000000 0.075419
2136.000000 0.075334
2137.000000 0.075418
2138.000000 0.075318
2139.000000 0.075402
2140.000000 0.075318
2141.000000 0.075402
2142.000000 0.075318
2143.000000 0.075401
2144.000000 0.075252
2145.000000 0.075335
2146.000000 0.075251
2147.000000 0.075335
2148.000000 0.075252
2149.000000 0.075336
2150.000000 0.075251
2151.000000 0.075335
2152.000000 0.075252
2153.000000 0.075419
2154.000000 0.075335
2155.000000 0.075419
2156.000000 0.075252
2157.000000 0.075419
2158.000000 0.075335
2159.000000 0.075419
2160.000000 0.075334
2161.000000 0.075418
2162.000000 0.075335
2163.000000 0.075419
2164.000000 0.075335
2165.000000 0.075419
2166.000000 0.075335
2167.000000 0.075419
2168.000000 0.075335
2169.000000 0.075419
2170.000000 0.075335
2171.000000 0.075418
2172.000000 0.075335
2173.000000 0.075418
2174.000000 0.075334
2175.000000 0.075418
2176.000000 0.075335
2177.000000 0.075419
2178.000000 0.075335
2179.000000 0.075419
2180.000000 0.075335
2181.000000 0.075419
2182.000000 0.075334
2183.000000 0.075418
2184.000000 0.075335
2185.000000 0.075419
2186.000000 0.075335
2187.000000 0.075419
2188.000000 0.075334
2189.000000 0.075418
2190.000000 0.075335
2191.000000 0.075419
2192.000000 0.075335
2193.000000 0.075419
2194.000000 0.075335
2195.000000 0.075418
2196.000000 0.075335
2197.000000 0.075419
2198.000000 0.075335
2199.000000 0.075419
2200.000000 0.075335
2201.000000 0.075418
2202.000000 0.075334
2203.000000 0.075418
2204.000000 0.075335
2205.000000 0.075419
2206.000000 0.075335
2207.000000 0.075418
2208.000000 0.075251
2209.000000 0.075335
2210.000000 0.075251
2211.000000 0.075335
2212.000000 0.075252
2213.000000 0.075336
2214.000000 0.075251
2215.000000 0.075335
2216.000000 0.075252
2217.000000 0.075419
2218.000000 0.075335
2219.000000 0.075419
2220.000000 0.075252
2221.000000 0.075419
2222.000000 0.075335
2223.000000 0.075419
2224.000000 0.075334
2225.000000 0.075418
2226.000000 0.075335
2227.000000 0.075419
2228.000000 0.075335
2229.000000 0.075419
2230.000000 0.075335
2231.000000 0.075419
2232.000000 0.075335
2233.000000 0.075419
2234.000000 0.075335
2235.000000 0.075418
2236.000000 0.075335
2237.000000 0.075419
2238.000000 0.075334
2239.000000 0.075418
2240.000000 0.075335
2241.000000 0.075419
2242.000000 0.075335
2243.000000 0.075419
2244.000000 0.075335
2245.000000 0.075419
2246.000000 0.075335
2247.000000 0.075418
2248.000000 0.075335
2249.000000 0.075419
2250.000000 0.075335
2251.000000 0.075419
2252.000000 0.075335
2253.000000 0.075418
2254.000000 0.075334
2255.000000 0.075418
2256.000000 0.075335
2257.000000 0.075419
2258.000000 0.075335
2259.000000 0.075418
2260.000000 0.075334
2261.000000 0.075418
2262.000000 0.075335
2263.000000 0.075419
2264.000000 0.075335
2265.000000 0.075418
2266.000000 0.075334
2267.000000 0.075418
2268.000000 0.075335
2269.000000 0.075419
2270.000000 0.075335
2271.000000 0.075419
2272.000000 0.075251
2273.000000 0.075335
2274.000000 0.075252
2275.000000 0.075336
2276.000000 0.075252
2277.000000 0.075335
2278.000000 0.075252
2279.000000 0.075336
2280.000000 0.075252
2281.000000 0.075419
2282.000000 0.075335
2283.000000 0.075419
2284.000000 0.075252
2285.000000 0.075419
2286.000000 0.075335
2287.000000 0.075419
2288.000000 0.075335
2289.000000 0.075418
2290.000000 0.075335
2291.000000 0.075419
2292.000000 0.075334
2293.000000 0.075418
2294.000000 0.075335
2295.000000 0.075419
2296.000000 0.075335
2297.000000 0.075419
2298.000000 0.075335
2299.000000 0.075419
2300.000000 0.075335
2301.000000 0.075419
2302.000000 0.075334
2303.000000 0.075418
2304.000000 0.075335
2305.000000 0.075419
2306.000000 0.075334
2307.000000 0.075418
2308.000000 0.075335
2309.000000 0.075419
2310.000000 0.075335
2311.000000 0.075418
2312.000000 0.075334
2313.000000 0.075418
2314.000000 0.075335
2315.000000 0.075419
2316.000000 0.075335
2317.000000 0.075418
2318.000000 0.075334
2319.000000 0.075418
2320.000000 0.075335
2321.000000 0.075419
2322.000000 0.075335
2323.000000 0.075419
2324.000000 0.075334
2325.000000 0.075418
2326.000000 0.075335
2327.000000 0.075419
2328.000000 0.075335
2329.000000 0.075419
2330.000000 0.075334
2331.000000 0.075418
2332.000000 0.075335
2333.000000 0.075419
2334.000000 0.075335
2335.000000 0.075419
2336.000000 0.075251
2337.000000 0.075335
2338.000000 0.075252
2339.000000 0.075336
2340.000000 0.075252
2341.000000 0.075335
2342.000000 0.075252
2343.000000 0.075336
2344.000000 0.075252
2345.000000 0.075419
2346.000000 0.075335
2347.000000 0.075419
2348.000000 0.075252
2349.000000 0.075419
2350.000000 0.075352
2351.000000 0.075436
2352.000000 0.075351
2353.000000 0.075435
2354.000000 0.075351
2355.000000 0.075435
2356.000000 0.075351
2357.000000 0.075435
2358.000000 0.075352
2359.000000 0.075436
2360.000000 0.075352
2361.000000 0.075436
2362.000000 0.075352
2363.000000 0.075435
2364.000000 0.075352
2365.000000 0.075436
2366.000000 0.075351
2367.000000 0.075435
2368.000000 0.075351
2369.000000 0.075435
2370.000000 0.075351
2371.000000 0.075435
2372.000000 0.075352
2373.000000 0.075436
2374.000000 0.075351
2375.000000 0.075435
2376.000000 0.075351
2377.000000 0.075435
2378.000000 0.075352
2379.000000 0.075436
2380.000000 0.075352
2381.000000 0.075435
2382.000000 0.075351
2383.000000 0.075435
2384.000000 0.075352
2385.000000 0.075436
2386.000000 0.075352
2387.000000 0.075435
2388.000000 0.075351
2389.000000 0.075435
2390.000000 0.075352
2391.000000 0.075436
2392.000000 0.075352
2393.000000 0.075435
2394.000000 0.075351
2395.000000 0.075435
2396.000000 0.075352
2397.000000 0.075436
2398.000000 0.075352
2399.000000 0.075435
2400.000000 0.075251
2401.000000 0.075335
2402.000000 0.075252
2403.000000 0.075336
2404.000000 0.075251
2405.000000 0.075335
2406.000000 0.075252
2407.000000 0.075336
2408.000000 0.075252
2409.000000 0.075419
2410.000000 0.075335
2411.000000 0.075419
2412.000000 0.075252
2413.000000 0.075336
2414.000000 0.075318
2415.000000 0.075402
2416.000000 0.075318
2417.000000 0.075402
2418.000000 0.075318
2419.000000 0.075402
2420.000000 0.075334
2421.000000 0.075418
2422.000000 0.075335
2423.000000 0.075419
2424.000000 0.075335
2425.000000 0.075419
2426.000000 0.075335
2427.000000 0.075419
2428.000000 0.075335
2429.000000 0.075419
2430.000000 0.075334
2431.000000 0.075418
2432.000000 0.075335
2433.000000 0.075419
2434.000000 0.075335
2435.000000 0.075419
2436.000000 0.075335
2437.000000 0.075419
2438.000000 0.075335
2439.000000 0.075418
2440.000000 0.075334
2441.000000 0.075418
2442.000000 0.075335
2443.000000 0.075419
2444.000000 0.075335
2445.000000 0.075418
2446.000000 0.075334
2447.000000 0.075418
2448.000000 0.075335
2449.000000 0.075419
2450.000000 0.075335
2451.000000 0.075418
2452.000000 0.075334
2453.000000 0.075418
2454.000000 0.075335
2455.000000 0.075419
2456.000000 0.075335
2457.000000 0.075419
2458.000000 0.075334
2459.000000 0.075418
2460.000000 0.075335
2461.000000 0.075419
2462.000000 0.075335
2463.000000 0.075419
2464.000000 0.075252
2465.000000 0.075336
2466.000000 0.075252
2467.000000 0.075335
2468.000000 0.075251
2469.000000 0.075335
2470.000000 0.075252
2471.000000 0.075335
2472.000000 0.075251
2473.000000 0.075418
2474.000000 0.075335
2475.000000 0.075419
2476.000000 0.075288
2477.000000 0.075372
2478.000000 0.075288
2479.000000 0.075372
2480.000000 0.075288
2481.000000 0.075371
2482.000000 0.075287
2483.000000 0.075371
2484.000000 0.075270
2485.000000 0.075354
2486.000000 0.075271
2487.000000 0.075355
2488.000000 0.075271
2489.000000 0.075355
2490.000000 0.075271
2491.000000 0.075371
2492.000000 0.075288
2493.000000 0.075371
2494.000000 0.075287
2495.000000 0.075371
2496.000000 0.075288
2497.000000 0.075372
2498.000000 0.075287
2499.000000 0.075371
2500.000000 0.075288
2501.000000 0.075372
2502.000000 0.075287
2503.000000 0.075371
2504.000000 0.075287
2505.000000 0.075371
2506.000000 0.075288
2507.000000 0.075372
2508.000000 0.075287
2509.000000 0.075371
2510.000000 0.075287
2511.000000 0.075371
2512.000000 0.075288
2513.000000 0.075372
2514.000000 0.075288
2515.000000 0.075371
2516.000000 0.075287
2517.000000 0.075371
2518.000000 0.075288
2519.000000 0.075372
2520.000000 0.075288
2521.000000 0.075371
2522.000000 0.075287
2523.000000 0.075371
2524.000000 0.075288
2525.000000 0.075372
2526.000000 0.075288
2527.000000 0.075371
2528.000000 0.075252
2529.000000 0.075336
2530.000000 0.075251
2531.000000 0.075335
2532.000000 0.075251
2533.000000 0.075335
2534.000000 0.075251
2535.000000 0.075335
2536.000000 0.075251
2537.000000 0.075418
2538.000000 0.075335
2539.000000 0.075419
2540.000000 0.075335
2541.000000 0.075419
2542.000000 0.075335
2543.000000 0.075419
2544.000000 0.075335
2545.000000 0.075418
2546.000000 0.075334
2547.000000 0.075418
2548.000000 0.075334
2549.000000 0.075418
2550.000000 0.075335
2551.000000 0.075419
2552.000000 0.075335
2553.000000 0.075419
2554.000000 0.075318
2555.000000 0.075402
2556.000000 0.075318
2557.000000 0.075402
2558.000000 0.075318
2559.000000 0.075401
2560.000000 0.075318
2561.000000 0.075402
2562.000000 0.075335
2563.000000 0.075419
2564.000000 0.075335
2565.000000 0.075419
2566.000000 0.075335
2567.000000 0.075418
2568.000000 0.075335
2569.000000 0.075419
2570.000000 0.075335
2571.000000 0.075419
2572.000000 0.075335
2573.000000 0.075418
2574.000000 0.075334
2575.000000 0.075418
2576.000000 0.075335
2577.000000 0.075419
2578.000000 0.075335
2579.000000 0.075418
2580.000000 0.075334
2581.000000 0.075418
2582.000000 0.075335
2583.000000 0.075419
2584.000000 0.075335
2585.000000 0.075418
2586.000000 0.075334
2587.000000 0.075418
2588.000000 0.075335
2589.000000 0.075419
2590.000000 0.075335
2591.000000 0.075419
