0.000000 0.000000
0.000000 0.000000
2.000000 0.005888
3.000000 0.001792
17.000000 6.573056
55.000000 48.425984
96.000000 56.374016
224.000000 549.453824
352.000000 549.453824
416.000000 137.363456
544.000000 549.453824
672.000000 549.453824
736.000000 137.363456
864.000000 549.453824
992.000000 549.453824
1056.000000 137.363456
1184.000000 549.453824
1312.000000 549.453824
1376.000000 137.363456
1504.000000 549.453824
1632.000000 549.453824
1696.000000 137.363456
1824.000000 549.453824
1952.000000 549.453824
2016.000000 137.363456
2144.000000 549.453824
2272.000000 549.453824
2336.000000 137.363456
2464.000000 549.453824
