0.000000 0.075010
1.000000 0.075250
2.000000 0.075333
3.000000 0.075249
4.000000 0.075332
5.000000 0.075416
6.000000 0.075250
7.000000 0.075333
8.000000 0.075416
9.000000 0.075250
10.000000 0.075333
11.000000 0.075295
12.000000 0.075378
13.000000 0.075461
14.000000 0.075250
15.000000 0.075333
16.000000 0.075416
17.000000 0.075254
18.000000 0.075421
19.000000 0.075588
20.000000 0.075588
21.000000 0.075755
22.000000 0.075922
23.000000 0.075249
24.000000 0.075333
25.000000 0.075416
26.000000 0.075254
27.000000 0.075421
28.000000 0.075588
29.000000 0.075504
30.000000 0.075671
31.000000 0.075838
32.000000 0.075755
33.000000 0.075922
34.000000 0.076089
35.000000 0.075250
36.000000 0.075333
37.000000 0.075416
38.000000 0.075333
39.000000 0.075416
40.000000 0.075500
41.000000 0.075254
42.000000 0.075421
43.000000 0.075588
44.000000 0.075505
45.000000 0.075672
46.000000 0.075839
47.000000 0.075755
48.000000 0.075922
49.000000 0.076089
50.000000 0.076007
51.000000 0.076174
52.000000 0.076341
53.000000 0.075250
54.000000 0.075333
55.000000 0.075416
56.000000 0.075332
57.000000 0.075416
58.000000 0.075333
59.000000 0.075416
60.000000 0.075254
61.000000 0.075421
62.000000 0.075421
63.000000 0.075588
64.000000 0.075589
65.000000 0.075756
66.000000 0.075756
67.000000 0.075923
68.000000 0.075924
69.000000 0.076091
70.000000 0.076092
71.000000 0.076259
72.000000 0.075250
73.000000 0.075333
74.000000 0.075249
75.000000 0.075333
76.000000 0.075250
77.000000 0.075333
78.000000 0.075249
79.000000 0.075332
80.000000 0.075254
81.000000 0.075421
82.000000 0.075253
83.000000 0.075421
84.000000 0.075254
85.000000 0.075421
86.000000 0.075254
87.000000 0.075337
88.000000 0.075253
89.000000 0.075336
90.000000 0.075254
91.000000 0.075337
92.000000 0.075249
93.000000 0.075333
94.000000 0.075250
95.000000 0.075333
96.000000 0.075249
97.000000 0.075332
98.000000 0.075250
99.000000 0.075333
100.000000 0.075254
101.000000 0.075421
102.000000 0.075270
103.000000 0.075437
104.000000 0.075270
105.000000 0.075437
106.000000 0.075354
107.000000 0.075438
108.000000 0.075354
109.000000 0.075437
110.000000 0.075354
111.000000 0.075437
112.000000 0.075250
113.000000 0.075333
114.000000 0.075249
115.000000 0.075332
116.000000 0.075250
117.000000 0.075333
118.000000 0.075250
119.000000 0.075333
120.000000 0.075254
121.000000 0.075421
122.000000 0.075253
123.000000 0.075420
124.000000 0.075271
125.000000 0.075438
126.000000 0.075354
127.000000 0.075437
128.000000 0.075354
129.000000 0.075437
130.000000 0.075354
131.000000 0.075438
132.000000 0.075249
133.000000 0.075332
134.000000 0.075250
135.000000 0.075333
136.000000 0.075250
137.000000 0.075333
138.000000 0.075249
139.000000 0.075333
140.000000 0.075253
141.000000 0.075420
142.000000 0.075254
143.000000 0.075421
144.000000 0.075254
145.000000 0.075421
146.000000 0.075337
147.000000 0.075421
148.000000 0.075354
149.000000 0.075437
150.000000 0.075354
151.000000 0.075438
152.000000 0.075250
153.000000 0.075333
154.000000 0.075250
155.000000 0.075333
156.000000 0.075249
157.000000 0.075333
158.000000 0.075250
159.000000 0.075333
160.000000 0.075253
161.000000 0.075420
162.000000 0.075254
163.000000 0.075421
164.000000 0.075254
165.000000 0.075421
166.000000 0.075337
167.000000 0.075421
168.000000 0.075320
169.000000 0.075403
170.000000 0.075337
171.000000 0.075421
172.000000 0.075250
173.000000 0.075333
174.000000 0.075249
175.000000 0.075333
176.000000 0.075250
177.000000 0.075333
178.000000 0.075249
179.000000 0.075332
180.000000 0.075253
181.000000 0.075420
182.000000 0.075254
183.000000 0.075421
184.000000 0.075254
185.000000 0.075421
186.000000 0.075338
187.000000 0.075421
188.000000 0.075337
189.000000 0.075420
190.000000 0.075321
191.000000 0.075404
192.000000 0.075249
193.000000 0.075333
194.000000 0.075250
195.000000 0.075333
196.000000 0.075249
197.000000 0.075332
198.000000 0.075250
199.000000 0.075333
200.000000 0.075253
201.000000 0.075420
202.000000 0.075254
203.000000 0.075421
204.000000 0.075253
205.000000 0.075420
206.000000 0.075338
207.000000 0.075421
208.000000 0.075337
209.000000 0.075421
210.000000 0.075337
211.000000 0.075420
212.000000 0.075250
213.000000 0.075333
214.000000 0.075249
215.000000 0.075332
216.000000 0.075250
217.000000 0.075333
218.000000 0.075250
219.000000 0.075333
220.000000 0.075253
221.000000 0.075420
222.000000 0.075254
223.000000 0.075421
224.000000 0.075253
225.000000 0.075420
226.000000 0.075338
227.000000 0.075421
228.000000 0.075337
229.000000 0.075421
230.000000 0.075337
231.000000 0.075420
232.000000 0.075249
233.000000 0.075332
234.000000 0.075250
235.000000 0.075333
236.000000 0.075250
237.000000 0.075333
238.000000 0.075249
239.000000 0.075333
240.000000 0.075253
241.000000 0.075420
242.000000 0.075254
243.000000 0.075421
244.000000 0.075253
245.000000 0.075420
246.000000 0.075338
247.000000 0.075421
248.000000 0.075338
249.000000 0.075421
250.000000 0.075337
251.000000 0.075420
252.000000 0.075250
253.000000 0.075333
254.000000 0.075250
255.000000 0.075333
256.000000 0.075249
257.000000 0.075333
258.000000 0.075250
259.000000 0.075333
260.000000 0.075253
261.000000 0.075420
262.000000 0.075253
263.000000 0.075420
264.000000 0.075253
265.000000 0.075420
266.000000 0.075337
267.000000 0.075420
268.000000 0.075338
269.000000 0.075421
270.000000 0.075337
271.000000 0.075420
272.000000 0.075250
273.000000 0.075333
274.000000 0.075249
275.000000 0.075333
276.000000 0.075250
277.000000 0.075333
278.000000 0.075249
279.000000 0.075332
280.000000 0.075254
281.000000 0.075421
282.000000 0.075253
283.000000 0.075420
284.000000 0.075253
285.000000 0.075420
286.000000 0.075337
287.000000 0.075420
288.000000 0.075338
289.000000 0.075421
290.000000 0.075337
291.000000 0.075420
292.000000 0.075249
293.000000 0.075333
294.000000 0.075250
295.000000 0.075333
296.000000 0.075249
297.000000 0.075332
298.000000 0.075250
299.000000 0.075333
300.000000 0.075254
301.000000 0.075421
302.000000 0.075253
303.000000 0.075420
304.000000 0.075253
305.000000 0.075420
306.000000 0.075337
307.000000 0.075420
308.000000 0.075338
309.000000 0.075421
310.000000 0.075337
311.000000 0.075420
312.000000 0.075250
313.000000 0.075333
314.000000 0.075249
315.000000 0.075332
316.000000 0.075250
317.000000 0.075333
318.000000 0.075250
319.000000 0.075333
320.000000 0.075254
321.000000 0.075421
322.000000 0.075267
323.000000 0.075434
324.000000 0.075253
325.000000 0.075421
326.000000 0.075337
327.000000 0.075420
328.000000 0.075337
329.000000 0.075420
330.000000 0.075337
331.000000 0.075420
332.000000 0.075249
333.000000 0.075332
334.000000 0.075250
335.000000 0.075333
336.000000 0.075250
337.000000 0.075333
338.000000 0.075249
339.000000 0.075333
340.000000 0.075254
341.000000 0.075421
342.000000 0.075254
343.000000 0.075421
344.000000 0.075254
345.000000 0.075437
346.000000 0.075354
347.000000 0.075437
348.000000 0.075354
349.000000 0.075437
350.000000 0.075354
351.000000 0.075437
352.000000 0.075250
353.000000 0.075333
354.000000 0.075250
355.000000 0.075333
356.000000 0.075249
357.000000 0.075333
358.000000 0.075250
359.000000 0.075333
360.000000 0.075254
361.000000 0.075421
362.000000 0.075253
363.000000 0.075420
364.000000 0.075253
365.000000 0.075420
366.000000 0.075337
367.000000 0.075420
368.000000 0.075354
369.000000 0.075437
370.000000 0.075354
371.000000 0.075437
372.000000 0.075250
373.000000 0.075333
374.000000 0.075249
375.000000 0.075333
376.000000 0.075250
377.000000 0.075333
378.000000 0.075249
379.000000 0.075332
380.000000 0.075254
381.000000 0.075421
382.000000 0.075253
383.000000 0.075420
384.000000 0.075254
385.000000 0.075421
386.000000 0.075337
387.000000 0.075420
388.000000 0.075321
389.000000 0.075404
390.000000 0.075337
391.000000 0.075420
392.000000 0.075249
393.000000 0.075333
394.000000 0.075250
395.000000 0.075333
396.000000 0.075249
397.000000 0.075332
398.000000 0.075250
399.000000 0.075333
400.000000 0.075253
401.000000 0.075420
402.000000 0.075253
403.000000 0.075420
404.000000 0.075254
405.000000 0.075421
406.000000 0.075337
407.000000 0.075420
408.000000 0.075337
409.000000 0.075420
410.000000 0.075320
411.000000 0.075404
412.000000 0.075250
413.000000 0.075333
414.000000 0.075249
415.000000 0.075332
416.000000 0.075250
417.000000 0.075333
418.000000 0.075250
419.000000 0.075333
420.000000 0.075253
421.000000 0.075420
422.000000 0.075253
423.000000 0.075420
424.000000 0.075254
425.000000 0.075421
426.000000 0.075337
427.000000 0.075420
428.000000 0.075337
429.000000 0.075420
430.000000 0.075337
431.000000 0.075421
432.000000 0.075249
433.000000 0.075332
434.000000 0.075250
435.000000 0.075333
436.000000 0.075250
437.000000 0.075333
438.000000 0.075249
439.000000 0.075333
440.000000 0.075253
441.000000 0.075420
442.000000 0.075253
443.000000 0.075420
444.000000 0.075254
445.000000 0.075421
446.000000 0.075337
447.000000 0.075421
448.000000 0.075337
449.000000 0.075420
450.000000 0.075338
451.000000 0.075421
452.000000 0.075250
453.000000 0.075333
454.000000 0.075250
455.000000 0.075333
456.000000 0.075249
457.000000 0.075333
458.000000 0.075250
459.000000 0.075333
460.000000 0.075253
461.000000 0.075420
462.000000 0.075253
463.000000 0.075420
464.000000 0.075254
465.000000 0.075421
466.000000 0.075337
467.000000 0.075421
468.000000 0.075337
469.000000 0.075420
470.000000 0.075338
471.000000 0.075421
472.000000 0.075250
473.000000 0.075333
474.000000 0.075266
475.000000 0.075349
476.000000 0.075267
477.000000 0.075350
478.000000 0.075266
479.000000 0.075349
480.000000 0.075253
481.000000 0.075420
482.000000 0.075253
483.000000 0.075421
484.000000 0.075254
485.000000 0.075421
486.000000 0.075338
487.000000 0.075421
488.000000 0.075337
489.000000 0.075420
490.000000 0.075338
491.000000 0.075421
492.000000 0.075249
493.000000 0.075333
494.000000 0.075250
495.000000 0.075333
496.000000 0.075250
497.000000 0.075333
498.000000 0.075249
499.000000 0.075333
500.000000 0.075253
501.000000 0.075420
502.000000 0.075254
503.000000 0.075421
504.000000 0.075253
505.000000 0.075420
506.000000 0.075338
507.000000 0.075421
508.000000 0.075337
509.000000 0.075421
510.000000 0.075337
511.000000 0.075420
512.000000 0.075250
513.000000 0.075333
514.000000 0.075250
515.000000 0.075333
516.000000 0.075249
517.000000 0.075333
518.000000 0.075250
519.000000 0.075333
520.000000 0.075253
521.000000 0.075421
522.000000 0.075254
523.000000 0.075421
524.000000 0.075253
525.000000 0.075420
526.000000 0.075338
527.000000 0.075421
528.000000 0.075337
529.000000 0.075421
530.000000 0.075337
531.000000 0.075420
532.000000 0.075249
533.000000 0.075332
534.000000 0.075249
535.000000 0.075333
536.000000 0.075250
537.000000 0.075333
538.000000 0.075249
539.000000 0.075332
540.000000 0.075254
541.000000 0.075421
542.000000 0.075271
543.000000 0.075438
544.000000 0.075253
545.000000 0.075420
546.000000 0.075338
547.000000 0.075421
548.000000 0.075338
549.000000 0.075421
550.000000 0.075337
551.000000 0.075420
552.000000 0.075250
553.000000 0.075333
554.000000 0.075250
555.000000 0.075333
556.000000 0.075249
557.000000 0.075332
558.000000 0.075250
559.000000 0.075333
560.000000 0.075254
561.000000 0.075421
562.000000 0.075254
563.000000 0.075421
564.000000 0.075253
565.000000 0.075437
566.000000 0.075354
567.000000 0.075437
568.000000 0.075354
569.000000 0.075438
570.000000 0.075354
571.000000 0.075437
572.000000 0.075250
573.000000 0.075333
574.000000 0.075249
575.000000 0.075332
576.000000 0.075250
577.000000 0.075333
578.000000 0.075250
579.000000 0.075333
580.000000 0.075254
581.000000 0.075421
582.000000 0.075254
583.000000 0.075421
584.000000 0.075320
585.000000 0.075403
586.000000 0.075321
587.000000 0.075404
588.000000 0.075337
589.000000 0.075421
590.000000 0.075337
591.000000 0.075420
592.000000 0.075249
593.000000 0.075333
594.000000 0.075250
595.000000 0.075333
596.000000 0.075250
597.000000 0.075333
598.000000 0.075249
599.000000 0.075333
600.000000 0.075254
601.000000 0.075421
602.000000 0.075254
603.000000 0.075421
604.000000 0.075334
605.000000 0.075417
606.000000 0.075334
607.000000 0.075417
608.000000 0.075318
609.000000 0.075401
610.000000 0.075334
611.000000 0.075417
612.000000 0.075250
613.000000 0.075333
614.000000 0.075250
615.000000 0.075333
616.000000 0.075249
617.000000 0.075333
618.000000 0.075250
619.000000 0.075333
620.000000 0.075254
621.000000 0.075421
622.000000 0.075254
623.000000 0.075421
624.000000 0.075337
625.000000 0.075420
626.000000 0.075337
627.000000 0.075420
628.000000 0.075338
629.000000 0.075421
630.000000 0.075320
631.000000 0.075403
632.000000 0.075249
633.000000 0.075332
634.000000 0.075249
635.000000 0.075333
636.000000 0.075250
637.000000 0.075333
638.000000 0.075249
639.000000 0.075332
640.000000 0.075253
641.000000 0.075420
642.000000 0.075254
643.000000 0.075421
644.000000 0.075337
645.000000 0.075420
646.000000 0.075337
647.000000 0.075420
648.000000 0.075338
649.000000 0.075421
650.000000 0.075337
651.000000 0.075420
652.000000 0.075250
653.000000 0.075333
654.000000 0.075250
655.000000 0.075333
656.000000 0.075249
657.000000 0.075332
658.000000 0.075250
659.000000 0.075333
660.000000 0.075253
661.000000 0.075420
662.000000 0.075253
663.000000 0.075420
664.000000 0.075337
665.000000 0.075420
666.000000 0.075337
667.000000 0.075420
668.000000 0.075337
669.000000 0.075420
670.000000 0.075337
671.000000 0.075420
672.000000 0.075250
673.000000 0.075333
674.000000 0.075249
675.000000 0.075332
676.000000 0.075266
677.000000 0.075350
678.000000 0.075267
679.000000 0.075350
680.000000 0.075253
681.000000 0.075420
682.000000 0.075253
683.000000 0.075420
684.000000 0.075337
685.000000 0.075421
686.000000 0.075337
687.000000 0.075420
688.000000 0.075337
689.000000 0.075420
690.000000 0.075337
691.000000 0.075421
692.000000 0.075249
693.000000 0.075333
694.000000 0.075250
695.000000 0.075333
696.000000 0.075250
697.000000 0.075333
698.000000 0.075249
699.000000 0.075332
700.000000 0.075253
701.000000 0.075420
702.000000 0.075253
703.000000 0.075420
704.000000 0.075337
705.000000 0.075421
706.000000 0.075337
707.000000 0.075420
708.000000 0.075337
709.000000 0.075420
710.000000 0.075337
711.000000 0.075421
712.000000 0.075250
713.000000 0.075333
714.000000 0.075250
715.000000 0.075333
716.000000 0.075249
717.000000 0.075332
718.000000 0.075250
719.000000 0.075333
720.000000 0.075253
721.000000 0.075420
722.000000 0.075253
723.000000 0.075420
724.000000 0.075338
725.000000 0.075421
726.000000 0.075337
727.000000 0.075420
728.000000 0.075337
729.000000 0.075420
730.000000 0.075337
731.000000 0.075421
732.000000 0.075249
733.000000 0.075332
734.000000 0.075249
735.000000 0.075333
736.000000 0.075250
737.000000 0.075333
738.000000 0.075250
739.000000 0.075333
740.000000 0.075253
741.000000 0.075420
742.000000 0.075253
743.000000 0.075420
744.000000 0.075338
745.000000 0.075421
746.000000 0.075337
747.000000 0.075421
748.000000 0.075337
749.000000 0.075420
750.000000 0.075338
751.000000 0.075421
752.000000 0.075250
753.000000 0.075333
754.000000 0.075250
755.000000 0.075333
756.000000 0.075250
757.000000 0.075333
758.000000 0.075249
759.000000 0.075333
760.000000 0.075253
761.000000 0.075420
762.000000 0.075253
763.000000 0.075437
764.000000 0.075354
765.000000 0.075438
766.000000 0.075354
767.000000 0.075437
768.000000 0.075354
769.000000 0.075437
770.000000 0.075354
771.000000 0.075438
772.000000 0.075250
773.000000 0.075333
774.000000 0.075249
775.000000 0.075332
776.000000 0.075249
777.000000 0.075333
778.000000 0.075250
779.000000 0.075333
780.000000 0.075254
781.000000 0.075421
782.000000 0.075320
783.000000 0.075404
784.000000 0.075321
785.000000 0.075404
786.000000 0.075337
787.000000 0.075421
788.000000 0.075337
789.000000 0.075420
790.000000 0.075338
791.000000 0.075421
792.000000 0.075249
793.000000 0.075333
794.000000 0.075250
795.000000 0.075333
796.000000 0.075250
797.000000 0.075333
798.000000 0.075249
799.000000 0.075332
800.000000 0.075254
801.000000 0.075421
802.000000 0.075290
803.000000 0.075373
804.000000 0.075290
805.000000 0.075373
806.000000 0.075273
807.000000 0.075357
808.000000 0.075290
809.000000 0.075373
810.000000 0.075290
811.000000 0.075374
812.000000 0.075250
813.000000 0.075333
814.000000 0.075250
815.000000 0.075333
816.000000 0.075249
817.000000 0.075332
818.000000 0.075250
819.000000 0.075333
820.000000 0.075254
821.000000 0.075421
822.000000 0.075337
823.000000 0.075420
824.000000 0.075338
825.000000 0.075421
826.000000 0.075337
827.000000 0.075421
828.000000 0.075320
829.000000 0.075403
830.000000 0.075321
831.000000 0.075421
