0.500000 0.075010
0.650019 0.075250
0.650019 0.075333
0.800362 0.075249
0.800362 0.075332
0.800362 0.075416
0.950704 0.075250
0.950704 0.075333
0.950704 0.075416
1.050787 0.075250
1.050787 0.075333
1.101046 0.075295
1.101046 0.075378
1.101046 0.075461
1.201046 0.075250
1.201046 0.075333
1.201046 0.075416
1.251350 0.075254
1.251350 0.075421
1.251350 0.075588
1.251517 0.075588
1.251517 0.075755
1.251517 0.075922
1.351389 0.075249
1.351389 0.075333
1.351389 0.075416
1.401613 0.075254
1.401613 0.075421
1.401613 0.075588
1.401948 0.075504
1.401948 0.075671
1.401948 0.075838
1.402282 0.075755
1.402282 0.075922
1.402282 0.076089
1.501648 0.075250
1.501648 0.075333
1.501648 0.075416
1.501814 0.075333
1.501814 0.075416
1.501814 0.075500
1.552044 0.075254
1.552044 0.075421
1.552044 0.075588
1.552461 0.075505
1.552461 0.075672
1.552461 0.075839
1.552796 0.075755
1.552796 0.075922
1.552796 0.076089
1.553213 0.076007
1.553213 0.076174
1.553213 0.076341
1.651907 0.075250
1.651907 0.075333
1.651907 0.075416
1.652074 0.075332
1.652074 0.075416
1.652240 0.075333
1.652240 0.075416
1.702307 0.075254
1.702307 0.075421
1.702641 0.075421
1.702641 0.075588
1.703143 0.075589
1.703143 0.075756
1.703561 0.075756
1.703561 0.075923
1.703895 0.075924
1.703895 0.076091
1.704397 0.076092
1.704397 0.076259
1.802166 0.075250
1.802166 0.075333
1.802333 0.075249
1.802333 0.075333
1.802499 0.075250
1.802499 0.075333
1.802666 0.075249
1.802666 0.075332
1.852737 0.075254
1.852737 0.075421
1.853239 0.075253
1.853239 0.075421
1.853908 0.075254
1.853908 0.075421
1.854494 0.075254
1.854494 0.075337
1.854996 0.075253
1.854996 0.075336
1.855665 0.075254
1.855665 0.075337
1.952509 0.075249
1.952509 0.075333
1.952675 0.075250
1.952675 0.075333
1.952842 0.075249
1.952842 0.075332
1.953008 0.075250
1.953008 0.075333
2.003167 0.075254
2.003167 0.075421
2.003669 0.075270
2.003669 0.075437
2.004339 0.075270
2.004339 0.075437
2.004840 0.075354
2.004840 0.075438
2.005342 0.075354
2.005342 0.075437
2.006012 0.075354
2.006012 0.075437
2.102851 0.075250
2.102851 0.075333
2.103018 0.075249
2.103018 0.075332
2.103184 0.075250
2.103184 0.075333
2.103350 0.075250
2.103350 0.075333
2.153597 0.075254
2.153597 0.075421
2.154116 0.075253
2.154116 0.075420
2.154785 0.075271
2.154785 0.075438
2.155287 0.075354
2.155287 0.075437
2.155789 0.075354
2.155789 0.075437
2.156458 0.075354
2.156458 0.075438
2.253194 0.075249
2.253194 0.075332
2.253360 0.075250
2.253360 0.075333
2.253526 0.075250
2.253526 0.075333
2.253693 0.075249
2.253693 0.075333
2.304028 0.075253
2.304028 0.075420
2.304546 0.075254
2.304546 0.075421
2.305232 0.075254
2.305232 0.075421
2.305734 0.075337
2.305734 0.075421
2.306236 0.075354
2.306236 0.075437
2.306905 0.075354
2.306905 0.075438
2.403536 0.075250
2.403536 0.075333
2.403702 0.075250
2.403702 0.075333
2.403869 0.075249
2.403869 0.075333
2.404035 0.075250
2.404035 0.075333
2.454458 0.075253
2.454458 0.075420
2.454976 0.075254
2.454976 0.075421
2.455662 0.075254
2.455662 0.075421
2.456164 0.075337
2.456164 0.075421
2.456683 0.075320
2.456683 0.075403
2.457352 0.075337
2.457352 0.075421
2.553878 0.075250
2.553878 0.075333
2.554045 0.075249
2.554045 0.075333
2.554211 0.075250
2.554211 0.075333
2.554378 0.075249
2.554378 0.075332
2.604888 0.075253
2.604888 0.075420
2.605406 0.075254
2.605406 0.075421
2.606092 0.075254
2.606092 0.075421
2.606594 0.075338
2.606594 0.075421
2.607096 0.075337
2.607096 0.075420
2.607782 0.075321
2.607782 0.075404
2.704221 0.075249
2.704221 0.075333
2.704387 0.075250
2.704387 0.075333
2.704554 0.075249
2.704554 0.075332
2.704720 0.075250
2.704720 0.075333
2.755318 0.075253
2.755318 0.075420
2.755836 0.075254
2.755836 0.075421
2.756523 0.075253
2.756523 0.075420
2.757024 0.075338
2.757024 0.075421
2.757526 0.075337
2.757526 0.075421
2.758196 0.075337
2.758196 0.075420
2.854563 0.075250
2.854563 0.075333
2.854730 0.075249
2.854730 0.075332
2.854896 0.075250
2.854896 0.075333
2.855062 0.075250
2.855062 0.075333
2.905748 0.075253
2.905748 0.075420
2.906266 0.075254
2.906266 0.075421
2.906953 0.075253
2.906953 0.075420
2.907454 0.075338
2.907454 0.075421
2.907956 0.075337
2.907956 0.075421
2.908626 0.075337
2.908626 0.075420
3.004906 0.075249
3.004906 0.075332
3.005072 0.075250
3.005072 0.075333
3.005238 0.075250
3.005238 0.075333
3.005405 0.075249
3.005405 0.075333
3.056178 0.075253
3.056178 0.075420
3.056696 0.075254
3.056696 0.075421
3.057383 0.075253
3.057383 0.075420
3.057884 0.075338
3.057884 0.075421
3.058386 0.075338
3.058386 0.075421
3.059056 0.075337
3.059056 0.075420
3.155248 0.075250
3.155248 0.075333
3.155414 0.075250
3.155414 0.075333
3.155581 0.075249
3.155581 0.075333
3.155747 0.075250
3.155747 0.075333
3.206608 0.075253
3.206608 0.075420
3.207127 0.075253
3.207127 0.075420
3.207813 0.075253
3.207813 0.075420
3.208315 0.075337
3.208315 0.075420
3.208816 0.075338
3.208816 0.075421
3.209486 0.075337
3.209486 0.075420
3.305590 0.075250
3.305590 0.075333
3.305757 0.075249
3.305757 0.075333
3.305923 0.075250
3.305923 0.075333
3.306090 0.075249
3.306090 0.075332
3.357038 0.075254
3.357038 0.075421
3.357557 0.075253
3.357557 0.075420
3.358243 0.075253
3.358243 0.075420
3.358745 0.075337
3.358745 0.075420
3.359246 0.075338
3.359246 0.075421
3.359916 0.075337
3.359916 0.075420
3.455933 0.075249
3.455933 0.075333
3.456099 0.075250
3.456099 0.075333
3.456266 0.075249
3.456266 0.075332
3.456432 0.075250
3.456432 0.075333
3.507468 0.075254
3.507468 0.075421
3.507987 0.075253
3.507987 0.075420
3.508673 0.075253
3.508673 0.075420
3.509175 0.075337
3.509175 0.075420
3.509676 0.075338
3.509676 0.075421
3.510346 0.075337
3.510346 0.075420
3.606275 0.075250
3.606275 0.075333
3.606442 0.075249
3.606442 0.075332
3.606608 0.075250
3.606608 0.075333
3.606774 0.075250
3.606774 0.075333
3.657898 0.075254
3.657898 0.075421
3.658417 0.075267
3.658417 0.075434
3.659103 0.075253
3.659103 0.075421
3.659605 0.075337
3.659605 0.075420
3.660107 0.075337
3.660107 0.075420
3.660776 0.075337
3.660776 0.075420
3.756618 0.075249
3.756618 0.075332
3.756784 0.075250
3.756784 0.075333
3.756950 0.075250
3.756950 0.075333
3.757117 0.075249
3.757117 0.075333
3.808328 0.075254
3.808328 0.075421
3.808860 0.075254
3.808860 0.075421
3.809533 0.075254
3.809533 0.075437
3.810035 0.075354
3.810035 0.075437
3.810537 0.075354
3.810537 0.075437
3.811206 0.075354
3.811206 0.075437
3.906960 0.075250
3.906960 0.075333
3.907126 0.075250
3.907126 0.075333
3.907293 0.075249
3.907293 0.075333
3.907459 0.075250
3.907459 0.075333
3.958758 0.075254
3.958758 0.075421
3.959291 0.075253
3.959291 0.075420
3.959980 0.075253
3.959980 0.075420
3.960482 0.075337
3.960482 0.075420
3.960984 0.075354
3.960984 0.075437
3.961653 0.075354
3.961653 0.075437
4.057302 0.075250
4.057302 0.075333
4.057469 0.075249
4.057469 0.075333
4.057635 0.075250
4.057635 0.075333
4.057802 0.075249
4.057802 0.075332
4.109188 0.075254
4.109188 0.075421
4.109721 0.075253
4.109721 0.075420
4.110410 0.075254
4.110410 0.075421
4.110912 0.075337
4.110912 0.075420
4.111430 0.075321
4.111430 0.075404
4.112100 0.075337
4.112100 0.075420
4.207645 0.075249
4.207645 0.075333
4.207811 0.075250
4.207811 0.075333
4.207978 0.075249
4.207978 0.075332
4.208144 0.075250
4.208144 0.075333
4.259619 0.075253
4.259619 0.075420
4.260151 0.075253
4.260151 0.075420
4.260840 0.075254
4.260840 0.075421
4.261342 0.075337
4.261342 0.075420
4.261844 0.075337
4.261844 0.075420
4.262530 0.075320
4.262530 0.075404
4.357987 0.075250
4.357987 0.075333
4.358154 0.075249
4.358154 0.075332
4.358320 0.075250
4.358320 0.075333
4.358486 0.075250
4.358486 0.075333
4.410049 0.075253
4.410049 0.075420
4.410581 0.075253
4.410581 0.075420
4.411270 0.075254
4.411270 0.075421
4.411772 0.075337
4.411772 0.075420
4.412274 0.075337
4.412274 0.075420
4.412943 0.075337
4.412943 0.075421
4.508330 0.075249
4.508330 0.075332
4.508496 0.075250
4.508496 0.075333
4.508662 0.075250
4.508662 0.075333
4.508829 0.075249
4.508829 0.075333
4.560479 0.075253
4.560479 0.075420
4.561011 0.075253
4.561011 0.075420
4.561700 0.075254
4.561700 0.075421
4.562202 0.075337
4.562202 0.075421
4.562704 0.075337
4.562704 0.075420
4.563373 0.075338
4.563373 0.075421
4.658672 0.075250
4.658672 0.075333
4.658838 0.075250
4.658838 0.075333
4.659005 0.075249
4.659005 0.075333
4.659171 0.075250
4.659171 0.075333
4.710909 0.075253
4.710909 0.075420
4.711441 0.075253
4.711441 0.075420
4.712130 0.075254
4.712130 0.075421
4.712632 0.075337
4.712632 0.075421
4.713134 0.075337
4.713134 0.075420
4.713803 0.075338
4.713803 0.075421
4.809014 0.075250
4.809014 0.075333
4.809181 0.075266
4.809181 0.075349
4.809347 0.075267
4.809347 0.075350
4.809514 0.075266
4.809514 0.075349
4.861339 0.075253
4.861339 0.075420
4.861871 0.075253
4.861871 0.075421
4.862560 0.075254
4.862560 0.075421
4.863062 0.075338
4.863062 0.075421
4.863564 0.075337
4.863564 0.075420
4.864233 0.075338
4.864233 0.075421
4.959357 0.075249
4.959357 0.075333
4.959540 0.075250
4.959540 0.075333
4.959706 0.075250
4.959706 0.075333
4.959873 0.075249
4.959873 0.075333
5.011769 0.075253
5.011769 0.075420
5.012301 0.075254
5.012301 0.075421
5.012991 0.075253
5.012991 0.075420
5.013492 0.075338
5.013492 0.075421
5.013994 0.075337
5.013994 0.075421
5.014664 0.075337
5.014664 0.075420
5.109699 0.075250
5.109699 0.075333
5.109882 0.075250
5.109882 0.075333
5.110049 0.075249
5.110049 0.075333
5.110215 0.075250
5.110215 0.075333
5.162199 0.075253
5.162199 0.075421
5.162731 0.075254
5.162731 0.075421
5.163421 0.075253
5.163421 0.075420
5.163922 0.075338
5.163922 0.075421
5.164424 0.075337
5.164424 0.075421
5.165094 0.075337
5.165094 0.075420
5.260042 0.075249
5.260042 0.075332
5.260225 0.075249
5.260225 0.075333
5.260391 0.075250
5.260391 0.075333
5.260558 0.075249
5.260558 0.075332
5.312629 0.075254
5.312629 0.075421
5.313161 0.075271
5.313161 0.075438
5.313851 0.075253
5.313851 0.075420
5.314352 0.075338
5.314352 0.075421
5.314854 0.075338
5.314854 0.075421
5.315524 0.075337
5.315524 0.075420
5.410384 0.075250
5.410384 0.075333
5.410567 0.075250
5.410567 0.075333
5.410734 0.075249
5.410734 0.075332
5.410900 0.075250
5.410900 0.075333
5.463059 0.075254
5.463059 0.075421
5.463608 0.075254
5.463608 0.075421
5.464281 0.075253
5.464281 0.075437
5.464783 0.075354
5.464783 0.075437
5.465284 0.075354
5.465284 0.075438
5.465954 0.075354
5.465954 0.075437
5.560726 0.075250
5.560726 0.075333
5.560910 0.075249
5.560910 0.075332
5.561076 0.075250
5.561076 0.075333
5.561242 0.075250
5.561242 0.075333
5.613489 0.075254
5.613489 0.075421
5.614038 0.075254
5.614038 0.075421
5.614728 0.075320
5.614728 0.075403
5.615229 0.075321
5.615229 0.075404
5.615731 0.075337
5.615731 0.075421
5.616401 0.075337
5.616401 0.075420
5.711069 0.075249
5.711069 0.075333
5.711252 0.075250
5.711252 0.075333
5.711418 0.075250
5.711418 0.075333
5.711585 0.075249
5.711585 0.075333
5.763919 0.075254
5.763919 0.075421
5.764468 0.075254
5.764468 0.075421
5.765141 0.075334
5.765141 0.075417
5.765643 0.075334
5.765643 0.075417
5.766161 0.075318
5.766161 0.075401
5.766831 0.075334
5.766831 0.075417
5.861411 0.075250
5.861411 0.075333
5.861594 0.075250
5.861594 0.075333
5.861761 0.075249
5.861761 0.075333
5.861927 0.075250
5.861927 0.075333
5.914349 0.075254
5.914349 0.075421
5.914898 0.075254
5.914898 0.075421
5.915568 0.075337
5.915568 0.075420
5.916070 0.075337
5.916070 0.075420
5.916571 0.075338
5.916571 0.075421
5.917258 0.075320
5.917258 0.075403
6.011754 0.075249
6.011754 0.075332
6.011937 0.075249
6.011937 0.075333
6.012103 0.075250
6.012103 0.075333
6.012270 0.075249
6.012270 0.075332
6.064780 0.075253
6.064780 0.075420
6.065328 0.075254
6.065328 0.075421
6.065998 0.075337
6.065998 0.075420
6.066500 0.075337
6.066500 0.075420
6.067001 0.075338
6.067001 0.075421
6.067671 0.075337
6.067671 0.075420
6.162096 0.075250
6.162096 0.075333
6.162279 0.075250
6.162279 0.075333
6.162446 0.075249
6.162446 0.075332
6.162612 0.075250
6.162612 0.075333
6.215210 0.075253
6.215210 0.075420
6.215759 0.075253
6.215759 0.075420
6.216428 0.075337
6.216428 0.075420
6.216930 0.075337
6.216930 0.075420
6.217432 0.075337
6.217432 0.075420
6.218101 0.075337
6.218101 0.075420
6.312438 0.075250
6.312438 0.075333
6.312622 0.075249
6.312622 0.075332
6.312788 0.075266
6.312788 0.075350
6.312954 0.075267
6.312954 0.075350
6.365640 0.075253
6.365640 0.075420
6.366189 0.075253
6.366189 0.075420
6.366858 0.075337
6.366858 0.075421
6.367360 0.075337
6.367360 0.075420
6.367862 0.075337
6.367862 0.075420
6.368531 0.075337
6.368531 0.075421
6.462781 0.075249
6.462781 0.075333
6.462964 0.075250
6.462964 0.075333
6.463147 0.075250
6.463147 0.075333
6.463314 0.075249
6.463314 0.075332
6.516070 0.075253
6.516070 0.075420
6.516619 0.075253
6.516619 0.075420
6.517288 0.075337
6.517288 0.075421
6.517790 0.075337
6.517790 0.075420
6.518292 0.075337
6.518292 0.075420
6.518961 0.075337
6.518961 0.075421
6.613123 0.075250
6.613123 0.075333
6.613306 0.075250
6.613306 0.075333
6.613490 0.075249
6.613490 0.075332
6.613656 0.075250
6.613656 0.075333
6.666500 0.075253
6.666500 0.075420
6.667049 0.075253
6.667049 0.075420
6.667718 0.075338
6.667718 0.075421
6.668220 0.075337
6.668220 0.075420
6.668722 0.075337
6.668722 0.075420
6.669391 0.075337
6.669391 0.075421
6.763466 0.075249
6.763466 0.075332
6.763649 0.075249
6.763649 0.075333
6.763832 0.075250
6.763832 0.075333
6.763998 0.075250
6.763998 0.075333
6.816930 0.075253
6.816930 0.075420
6.817479 0.075253
6.817479 0.075420
6.818148 0.075338
6.818148 0.075421
6.818650 0.075337
6.818650 0.075421
6.819152 0.075337
6.819152 0.075420
6.819821 0.075338
6.819821 0.075421
6.913808 0.075250
6.913808 0.075333
6.913991 0.075250
6.913991 0.075333
6.914174 0.075250
6.914174 0.075333
6.914341 0.075249
6.914341 0.075333
6.967360 0.075253
6.967360 0.075420
6.967909 0.075253
6.967909 0.075437
6.968578 0.075354
6.968578 0.075438
6.969080 0.075354
6.969080 0.075437
6.969582 0.075354
6.969582 0.075437
6.970251 0.075354
6.970251 0.075438
7.064150 0.075250
7.064150 0.075333
7.064334 0.075249
7.064334 0.075332
7.064517 0.075249
7.064517 0.075333
7.064683 0.075250
7.064683 0.075333
7.117790 0.075254
7.117790 0.075421
7.118356 0.075320
7.118356 0.075404
7.119025 0.075321
7.119025 0.075404
7.119527 0.075337
7.119527 0.075421
7.120029 0.075337
7.120029 0.075420
7.120698 0.075338
7.120698 0.075421
7.214493 0.075249
7.214493 0.075333
7.214676 0.075250
7.214676 0.075333
7.214859 0.075250
7.214859 0.075333
7.215026 0.075249
7.215026 0.075332
7.268220 0.075254
7.268220 0.075421
7.268769 0.075290
7.268769 0.075373
7.269439 0.075290
7.269439 0.075373
7.269957 0.075273
7.269957 0.075357
7.270459 0.075290
7.270459 0.075373
7.271128 0.075290
7.271128 0.075374
7.364835 0.075250
7.364835 0.075333
7.365018 0.075250
7.365018 0.075333
7.365202 0.075249
7.365202 0.075332
7.365368 0.075250
7.365368 0.075333
7.418650 0.075254
7.418650 0.075421
7.419152 0.075337
7.419152 0.075420
7.419821 0.075338
7.419821 0.075421
7.420323 0.075337
7.420323 0.075421
7.420842 0.075320
7.420842 0.075403
7.421511 0.075321
7.421511 0.075421
