0.000000 0.000000
0.000000 0.000000
3.000000 0.203520
6.000000 0.299520
14.000000 2.129920
35.000000 14.676480
60.000000 20.800000
92.000000 34.078720
132.000000 53.248000
160.000000 26.091520
192.000000 34.078720
232.000000 53.248000
260.000000 26.091520
292.000000 34.078720
332.000000 53.248000
360.000000 26.091520
392.000000 34.078720
432.000000 53.248000
460.000000 26.091520
492.000000 34.078720
532.000000 53.248000
560.000000 26.091520
592.000000 34.078720
632.000000 53.248000
660.000000 26.091520
692.000000 34.078720
732.000000 53.248000
760.000000 26.091520
792.000000 34.078720
