0.000000 0.000000
0.000000 0.000000
21.000000 2.963520
51.000000 6.048000
81.000000 6.048000
111.000000 6.048000
140.000000 5.651520
169.000000 5.651520
199.000000 6.048000
229.000000 6.048000
258.000000 5.651520
287.000000 5.651520
316.000000 5.651520
345.000000 5.651520
374.000000 5.651520
403.000000 5.651520
432.000000 5.651520
461.000000 5.651520
490.000000 5.651520
519.000000 5.651520
548.000000 5.651520
577.000000 5.651520
606.000000 5.651520
635.000000 5.651520
664.000000 5.651520
693.000000 5.651520
722.000000 5.651520
750.000000 5.268480
779.000000 5.651520
