0.500000 0.075050
0.508400 0.075050
0.516800 0.075050
0.525200 0.075050
0.533600 0.075050
0.542000 0.075050
0.550400 0.075050
0.558800 0.075050
0.567200 0.075050
0.575600 0.075050
0.584000 0.075050
0.592400 0.075050
0.600800 0.075050
0.609200 0.075050
0.617600 0.075050
0.626000 0.075050
0.634400 0.075050
0.642800 0.075050
0.651200 0.075050
0.659600 0.075050
0.668000 0.075050
0.676400 0.075050
0.684800 0.075050
0.693200 0.075050
0.701600 0.075050
0.710000 0.075050
0.718400 0.075050
0.726800 0.075050
0.735200 0.075050
0.743600 0.075050
0.752000 0.075050
0.760400 0.075050
0.768800 0.075050
0.777200 0.075050
0.785600 0.075050
0.794000 0.075050
0.802400 0.075050
0.810800 0.075050
0.819200 0.075050
0.827600 0.075050
0.836000 0.075050
0.844400 0.075050
0.852800 0.075050
0.861200 0.075050
0.869600 0.075050
0.878000 0.075050
0.886400 0.075050
0.894800 0.075050
0.903200 0.075050
0.911600 0.075050
0.920000 0.075050
0.928400 0.075050
0.936800 0.075050
0.945200 0.075050
0.953600 0.075050
0.962000 0.075050
0.970400 0.075050
0.978800 0.075050
0.987200 0.075050
0.995600 0.075050
1.004000 0.075050
1.012400 0.075050
1.020800 0.075050
1.029200 0.075050
1.037600 0.075050
1.046000 0.075050
1.054400 0.075050
1.062800 0.075050
1.071200 0.075050
1.079600 0.075050
1.088000 0.075050
1.096400 0.075050
1.104800 0.075050
1.113200 0.075050
1.121600 0.075050
1.130000 0.075050
1.138400 0.075050
1.146800 0.075050
1.155200 0.075050
1.163600 0.075050
1.172000 0.075050
1.180400 0.075050
1.188800 0.075050
1.197200 0.075050
1.205600 0.075050
1.214000 0.075050
1.222400 0.075050
1.230800 0.075050
1.239200 0.075050
1.247600 0.075050
1.256000 0.075050
1.264400 0.075050
1.272800 0.075050
1.281200 0.075050
1.289600 0.075050
1.298000 0.075050
1.306400 0.075050
1.314800 0.075050
1.323200 0.075050
1.331600 0.075050
1.340000 0.075050
1.348400 0.075050
1.356800 0.075050
1.365200 0.075050
1.373600 0.075050
1.382000 0.075050
1.390400 0.075050
1.398800 0.075050
1.407200 0.075050
1.415600 0.075050
1.424000 0.075050
1.432400 0.075050
1.440800 0.075050
1.449200 0.075050
1.457600 0.075050
1.466000 0.075050
1.474400 0.075050
1.482800 0.075050
1.491200 0.075050
1.499600 0.075050
1.508000 0.075050
1.516400 0.075050
1.524800 0.075050
1.533200 0.075050
1.541600 0.075050
1.550000 0.075050
1.558400 0.075050
1.566800 0.075050
1.575200 0.075050
1.583600 0.075050
1.592000 0.075050
1.600400 0.075050
1.608800 0.075050
1.617200 0.075050
1.625600 0.075050
1.634000 0.075050
1.642400 0.075050
1.650800 0.075050
1.659200 0.075050
1.667600 0.075050
1.676000 0.075050
1.684400 0.075050
1.692800 0.075050
1.701200 0.075050
1.709600 0.075050
1.718000 0.075050
1.726400 0.075050
1.734800 0.075050
1.743200 0.075050
1.751600 0.075050
1.760000 0.075050
1.768400 0.075050
1.776800 0.075050
1.785200 0.075050
1.793600 0.075050
1.802000 0.075050
1.810400 0.075050
1.818800 0.075050
1.827200 0.075050
1.835600 0.075050
1.844000 0.075050
1.852400 0.075123
1.860800 0.075050
1.869200 0.075050
1.877600 0.075050
1.886000 0.075050
1.894400 0.075050
1.902800 0.075050
1.911200 0.075050
1.919600 0.075050
1.928000 0.075050
1.936400 0.075050
1.944800 0.075050
1.953200 0.075091
1.961600 0.075050
1.970000 0.075050
1.978400 0.075050
1.986800 0.075050
1.995200 0.075050
2.003600 0.075106
2.012000 0.075050
2.020400 0.075050
2.028800 0.075050
2.037200 0.075050
2.045600 0.075050
2.054000 0.075050
2.062400 0.075050
2.070800 0.075050
2.079200 0.075050
2.087600 0.075050
2.096000 0.075050
2.104400 0.075050
2.112800 0.075050
2.121200 0.075050
2.129600 0.075050
2.138000 0.075050
2.146400 0.075050
2.154800 0.075106
2.163200 0.075050
2.171600 0.075050
2.180000 0.075050
2.188400 0.075050
2.196800 0.075050
2.205200 0.075050
2.213600 0.075050
2.222000 0.075050
2.230400 0.075050
2.238800 0.075050
2.247200 0.075050
2.255600 0.075050
2.264000 0.075050
2.272400 0.075050
2.280800 0.075050
2.289200 0.075050
2.297600 0.075050
2.306000 0.075189
2.314400 0.075050
2.322800 0.075050
2.331200 0.075050
2.339600 0.075050
2.348000 0.075050
2.356400 0.075050
2.364800 0.075050
2.373200 0.075050
2.381600 0.075050
2.390000 0.075050
2.398400 0.075050
2.406800 0.075050
2.415200 0.075050
2.423600 0.075050
2.432000 0.075050
2.440400 0.075050
2.448800 0.075050
2.457200 0.075172
2.465600 0.075050
2.474000 0.075050
2.482400 0.075050
2.490800 0.075050
2.499200 0.075050
2.507600 0.075050
2.516000 0.075050
2.524400 0.075050
2.532800 0.075050
2.541200 0.075050
2.549600 0.075050
2.558000 0.075050
2.566400 0.075050
2.574800 0.075050
2.583200 0.075050
2.591600 0.075050
2.600000 0.075050
2.608400 0.075156
2.616800 0.075050
2.625200 0.075050
2.633600 0.075050
2.642000 0.075050
2.650400 0.075050
2.658800 0.075050
2.667200 0.075050
2.675600 0.075050
2.684000 0.075050
2.692400 0.075050
2.700800 0.075050
2.709200 0.075050
2.717600 0.075050
2.726000 0.075050
2.734400 0.075050
2.742800 0.075050
2.751200 0.075050
2.759600 0.075140
2.768000 0.075050
2.776400 0.075050
2.784800 0.075050
2.793200 0.075050
2.801600 0.075050
2.810000 0.075050
2.818400 0.075050
2.826800 0.075050
2.835200 0.075050
2.843600 0.075050
2.852000 0.075050
2.860400 0.075050
2.868800 0.075050
2.877200 0.075050
2.885600 0.075050
2.894000 0.075050
2.902400 0.075050
2.910800 0.075125
2.919200 0.075050
2.927600 0.075050
2.936000 0.075050
2.944400 0.075050
2.952800 0.075050
2.961200 0.075050
2.969600 0.075050
2.978000 0.075050
2.986400 0.075050
2.994800 0.075050
3.003200 0.075050
3.011600 0.075050
3.020000 0.075050
3.028400 0.075050
3.036800 0.075050
3.045200 0.075050
3.053600 0.075050
3.062000 0.075050
3.070400 0.075050
3.078800 0.075050
3.087200 0.075050
3.095600 0.075050
3.104000 0.075050
3.112400 0.075050
3.120800 0.075050
3.129200 0.075050
3.137600 0.075050
3.146000 0.075050
3.154400 0.075050
3.162800 0.075050
3.171200 0.075050
3.179600 0.075050
3.188000 0.075050
3.196400 0.075050
3.204800 0.075050
3.213200 0.075050
3.221600 0.075050
3.230000 0.075050
3.238400 0.075050
3.246800 0.075050
3.255200 0.075050
3.263600 0.075050
3.272000 0.075050
3.280400 0.075050
3.288800 0.075050
3.297200 0.075050
3.305600 0.075050
3.314000 0.075050
3.322400 0.075050
3.330800 0.075050
3.339200 0.075050
3.347600 0.075050
3.356000 0.075093
3.364400 0.075050
3.372800 0.075050
3.381200 0.075050
3.389600 0.075050
3.398000 0.075050
3.406400 0.075050
3.414800 0.075050
3.423200 0.075050
3.431600 0.075050
3.440000 0.075050
3.448400 0.075050
3.456800 0.075050
3.465200 0.075050
3.473600 0.075050
3.482000 0.075050
3.490400 0.075050
3.498800 0.075050
3.507200 0.075050
3.515600 0.075050
3.524000 0.075050
3.532400 0.075050
3.540800 0.075050
3.549200 0.075050
3.557600 0.075050
3.566000 0.075050
3.574400 0.075050
3.582800 0.075050
3.591200 0.075050
3.599600 0.075050
3.608000 0.075050
3.616400 0.075050
3.624800 0.075050
3.633200 0.075050
3.641600 0.075050
3.650000 0.075050
3.658400 0.075050
3.666800 0.075050
3.675200 0.075050
3.683600 0.075050
3.692000 0.075050
3.700400 0.075050
3.708800 0.075050
3.717200 0.075050
3.725600 0.075050
3.734000 0.075050
3.742400 0.075050
3.750800 0.075050
3.759200 0.075050
3.767600 0.075050
3.776000 0.075050
3.784400 0.075050
3.792800 0.075050
3.801200 0.075050
3.809600 0.075137
3.818000 0.075050
3.826400 0.075050
3.834800 0.075050
3.843200 0.075050
3.851600 0.075050
3.860000 0.075050
3.868400 0.075050
3.876800 0.075050
3.885200 0.075050
3.893600 0.075050
3.902000 0.075050
3.910400 0.075050
3.918800 0.075050
3.927200 0.075050
3.935600 0.075050
3.944000 0.075050
3.952400 0.075050
3.960800 0.075136
3.969200 0.075050
3.977600 0.075050
3.986000 0.075050
3.994400 0.075050
4.002800 0.075050
4.011200 0.075050
4.019600 0.075050
4.028000 0.075050
4.036400 0.075050
4.044800 0.075050
4.053200 0.075050
4.061600 0.075050
4.070000 0.075050
4.078400 0.075050
4.086800 0.075050
4.095200 0.075050
4.103600 0.075050
4.112000 0.075120
4.120400 0.075050
4.128800 0.075050
4.137200 0.075050
4.145600 0.075050
4.154000 0.075050
4.162400 0.075050
4.170800 0.075050
4.179200 0.075050
4.187600 0.075050
4.196000 0.075050
4.204400 0.075050
4.212800 0.075050
4.221200 0.075050
4.229600 0.075050
4.238000 0.075050
4.246400 0.075050
4.254800 0.075050
4.263200 0.075187
4.271600 0.075050
4.280000 0.075050
4.288400 0.075050
4.296800 0.075050
4.305200 0.075050
4.313600 0.075050
4.322000 0.075050
4.330400 0.075050
4.338800 0.075050
4.347200 0.075050
4.355600 0.075050
4.364000 0.075050
4.372400 0.075050
4.380800 0.075050
4.389200 0.075050
4.397600 0.075050
4.406000 0.075050
4.414400 0.075172
4.422800 0.075050
4.431200 0.075050
4.439600 0.075050
4.448000 0.075050
4.456400 0.075050
4.464800 0.075050
4.473200 0.075050
4.481600 0.075050
4.490000 0.075050
4.498400 0.075050
4.506800 0.075050
4.515200 0.075050
4.523600 0.075050
4.532000 0.075050
4.540400 0.075050
4.548800 0.075050
4.557200 0.075050
4.565600 0.075156
4.574000 0.075050
4.582400 0.075050
4.590800 0.075050
4.599200 0.075050
4.607600 0.075050
4.616000 0.075050
4.624400 0.075050
4.632800 0.075050
4.641200 0.075050
4.649600 0.075050
4.658000 0.075050
4.666400 0.075050
4.674800 0.075050
4.683200 0.075050
4.691600 0.075050
4.700000 0.075050
4.708400 0.075050
4.716800 0.075050
4.725200 0.075050
4.733600 0.075050
4.742000 0.075050
4.750400 0.075050
4.758800 0.075050
4.767200 0.075050
4.775600 0.075050
4.784000 0.075050
4.792400 0.075050
4.800800 0.075050
4.809200 0.075098
4.817600 0.075050
4.826000 0.075050
4.834400 0.075050
4.842800 0.075050
4.851200 0.075050
4.859600 0.075062
4.868000 0.075050
4.876400 0.075050
4.884800 0.075050
4.893200 0.075050
4.901600 0.075050
4.910000 0.075050
4.918400 0.075050
4.926800 0.075050
4.935200 0.075050
4.943600 0.075050
4.952000 0.075050
4.960400 0.075050
4.968800 0.075050
4.977200 0.075050
4.985600 0.075050
4.994000 0.075050
5.002400 0.075050
5.010800 0.075050
5.019200 0.075050
5.027600 0.075050
5.036000 0.075050
5.044400 0.075050
5.052800 0.075050
5.061200 0.075050
5.069600 0.075050
5.078000 0.075050
5.086400 0.075050
5.094800 0.075050
5.103200 0.075050
5.111600 0.075050
5.120000 0.075050
5.128400 0.075050
5.136800 0.075050
5.145200 0.075050
5.153600 0.075050
5.162000 0.075050
5.170400 0.075050
5.178800 0.075050
5.187200 0.075050
5.195600 0.075050
5.204000 0.075050
5.212400 0.075050
5.220800 0.075050
5.229200 0.075050
5.237600 0.075050
5.246000 0.075050
5.254400 0.075050
5.262800 0.075050
5.271200 0.075050
5.279600 0.075050
5.288000 0.075050
5.296400 0.075050
5.304800 0.075050
5.313200 0.075082
5.321600 0.075050
5.330000 0.075050
5.338400 0.075050
5.346800 0.075050
5.355200 0.075050
5.363600 0.075050
5.372000 0.075050
5.380400 0.075050
5.388800 0.075050
5.397200 0.075050
5.405600 0.075050
5.414000 0.075050
5.422400 0.075050
5.430800 0.075050
5.439200 0.075050
5.447600 0.075050
5.456000 0.075050
5.464400 0.075168
5.472800 0.075050
5.481200 0.075050
5.489600 0.075050
5.498000 0.075050
5.506400 0.075050
5.514800 0.075050
5.523200 0.075050
5.531600 0.075050
5.540000 0.075050
5.548400 0.075050
5.556800 0.075050
5.565200 0.075050
5.573600 0.075050
5.582000 0.075050
5.590400 0.075050
5.598800 0.075050
5.607200 0.075050
5.615600 0.075151
5.624000 0.075050
5.632400 0.075050
5.640800 0.075050
5.649200 0.075050
5.657600 0.075050
5.666000 0.075050
5.674400 0.075050
5.682800 0.075050
5.691200 0.075050
5.699600 0.075050
5.708000 0.075050
5.716400 0.075050
5.724800 0.075050
5.733200 0.075050
5.741600 0.075050
5.750000 0.075050
5.758400 0.075050
5.766800 0.075131
5.775200 0.075050
5.783600 0.075050
5.792000 0.075050
5.800400 0.075050
5.808800 0.075050
5.817200 0.075050
5.825600 0.075050
5.834000 0.075050
5.842400 0.075050
5.850800 0.075050
5.859200 0.075050
5.867600 0.075050
5.876000 0.075050
5.884400 0.075050
5.892800 0.075050
5.901200 0.075050
5.909600 0.075050
5.918000 0.075199
5.926400 0.075050
5.934800 0.075050
5.943200 0.075050
5.951600 0.075050
5.960000 0.075050
5.968400 0.075050
5.976800 0.075050
5.985200 0.075050
5.993600 0.075050
6.002000 0.075050
6.010400 0.075050
6.018800 0.075050
6.027200 0.075050
6.035600 0.075050
6.044000 0.075050
6.052400 0.075050
6.060800 0.075050
6.069200 0.075183
6.077600 0.075050
6.086000 0.075050
6.094400 0.075050
6.102800 0.075050
6.111200 0.075050
6.119600 0.075050
6.128000 0.075050
6.136400 0.075050
6.144800 0.075050
6.153200 0.075050
6.161600 0.075050
6.170000 0.075050
6.178400 0.075050
6.186800 0.075050
6.195200 0.075050
6.203600 0.075050
6.212000 0.075050
6.220400 0.075168
6.228800 0.075050
6.237200 0.075050
6.245600 0.075050
6.254000 0.075050
6.262400 0.075050
6.270800 0.075050
6.279200 0.075050
6.287600 0.075050
6.296000 0.075050
6.304400 0.075050
6.312800 0.075105
6.321200 0.075050
6.329600 0.075050
6.338000 0.075050
6.346400 0.075050
6.354800 0.075050
6.363200 0.075050
6.371600 0.075050
6.380000 0.075050
6.388400 0.075050
6.396800 0.075050
6.405200 0.075050
6.413600 0.075050
6.422000 0.075050
6.430400 0.075050
6.438800 0.075050
6.447200 0.075050
6.455600 0.075050
6.464000 0.075050
6.472400 0.075050
6.480800 0.075050
6.489200 0.075050
6.497600 0.075050
6.506000 0.075050
6.514400 0.075050
6.522800 0.075050
6.531200 0.075050
6.539600 0.075050
6.548000 0.075050
6.556400 0.075050
6.564800 0.075050
6.573200 0.075050
6.581600 0.075050
6.590000 0.075050
6.598400 0.075050
6.606800 0.075050
6.615200 0.075050
6.623600 0.075050
6.632000 0.075050
6.640400 0.075050
6.648800 0.075050
6.657200 0.075050
6.665600 0.075050
6.674000 0.075050
6.682400 0.075050
6.690800 0.075050
6.699200 0.075050
6.707600 0.075050
6.716000 0.075050
6.724400 0.075050
6.732800 0.075050
6.741200 0.075050
6.749600 0.075050
6.758000 0.075050
6.766400 0.075050
6.774800 0.075050
6.783200 0.075050
6.791600 0.075050
6.800000 0.075050
6.808400 0.075050
6.816800 0.075050
6.825200 0.075050
6.833600 0.075050
6.842000 0.075050
6.850400 0.075050
6.858800 0.075050
6.867200 0.075050
6.875600 0.075050
6.884000 0.075050
6.892400 0.075050
6.900800 0.075050
6.909200 0.075050
6.917600 0.075050
6.926000 0.075050
6.934400 0.075050
6.942800 0.075050
6.951200 0.075050
6.959600 0.075050
6.968000 0.075197
6.976400 0.075050
6.984800 0.075050
6.993200 0.075050
7.001600 0.075050
7.010000 0.075050
7.018400 0.075050
7.026800 0.075050
7.035200 0.075050
7.043600 0.075050
7.052000 0.075050
7.060400 0.075050
7.068800 0.075050
7.077200 0.075050
7.085600 0.075050
7.094000 0.075050
7.102400 0.075050
7.110800 0.075050
7.119200 0.075179
7.127600 0.075050
7.136000 0.075050
7.144400 0.075050
7.152800 0.075050
7.161200 0.075050
7.169600 0.075050
7.178000 0.075050
7.186400 0.075050
7.194800 0.075050
7.203200 0.075050
7.211600 0.075050
7.220000 0.075050
7.228400 0.075050
7.236800 0.075050
7.245200 0.075050
7.253600 0.075050
7.262000 0.075050
7.270400 0.075116
7.278800 0.075050
7.287200 0.075050
7.295600 0.075050
7.304000 0.075050
7.312400 0.075050
7.320800 0.075050
7.329200 0.075050
7.337600 0.075050
7.346000 0.075050
7.354400 0.075050
7.362800 0.075050
7.371200 0.075050
7.379600 0.075050
7.388000 0.075050
7.396400 0.075050
7.404800 0.075050
7.413200 0.075050
7.421600 0.075182
