0.000000 0.075050
1.000000 0.075050
2.000000 0.075050
3.000000 0.075050
4.000000 0.075050
5.000000 0.075050
6.000000 0.075050
7.000000 0.075050
8.000000 0.075050
9.000000 0.075050
10.000000 0.075050
11.000000 0.075050
12.000000 0.075050
13.000000 0.075050
14.000000 0.075050
15.000000 0.075050
16.000000 0.075050
17.000000 0.075050
18.000000 0.075050
19.000000 0.075050
20.000000 0.075050
21.000000 0.075050
22.000000 0.075050
23.000000 0.075050
24.000000 0.075050
25.000000 0.075050
26.000000 0.075050
27.000000 0.075050
28.000000 0.075050
29.000000 0.075050
30.000000 0.075050
31.000000 0.075050
32.000000 0.075050
33.000000 0.075050
34.000000 0.075050
35.000000 0.075050
36.000000 0.075050
37.000000 0.075050
38.000000 0.075050
39.000000 0.075050
40.000000 0.075050
41.000000 0.075050
42.000000 0.075050
43.000000 0.075050
44.000000 0.075050
45.000000 0.075050
46.000000 0.075050
47.000000 0.075050
48.000000 0.075050
49.000000 0.075050
50.000000 0.075050
51.000000 0.075050
52.000000 0.075050
53.000000 0.075050
54.000000 0.075050
55.000000 0.075050
56.000000 0.075050
57.000000 0.075050
58.000000 0.075050
59.000000 0.075050
60.000000 0.075050
61.000000 0.075050
62.000000 0.075050
63.000000 0.075050
64.000000 0.075050
65.000000 0.075050
66.000000 0.075050
67.000000 0.075050
68.000000 0.075050
69.000000 0.075050
70.000000 0.075050
71.000000 0.075050
72.000000 0.075050
73.000000 0.075050
74.000000 0.075050
75.000000 0.075050
76.000000 0.075050
77.000000 0.075050
78.000000 0.075050
79.000000 0.075050
80.000000 0.075050
81.000000 0.075050
82.000000 0.075050
83.000000 0.075050
84.000000 0.075050
85.000000 0.075050
86.000000 0.075050
87.000000 0.075050
88.000000 0.075050
89.000000 0.075050
90.000000 0.075050
91.000000 0.075050
92.000000 0.075050
93.000000 0.075050
94.000000 0.075050
95.000000 0.075050
96.000000 0.075050
97.000000 0.075050
98.000000 0.075050
99.000000 0.075050
100.000000 0.075050
101.000000 0.075050
102.000000 0.075050
103.000000 0.075050
104.000000 0.075050
105.000000 0.075050
106.000000 0.075050
107.000000 0.075050
108.000000 0.075050
109.000000 0.075050
110.000000 0.075050
111.000000 0.075050
112.000000 0.075050
113.000000 0.075050
114.000000 0.075050
115.000000 0.075050
116.000000 0.075050
117.000000 0.075050
118.000000 0.075050
119.000000 0.075050
120.000000 0.075050
121.000000 0.075050
122.000000 0.075050
123.000000 0.075050
124.000000 0.075050
125.000000 0.075050
126.000000 0.075050
127.000000 0.075050
128.000000 0.075050
129.000000 0.075050
130.000000 0.075050
131.000000 0.075050
132.000000 0.075050
133.000000 0.075050
134.000000 0.075050
135.000000 0.075050
136.000000 0.075050
137.000000 0.075050
138.000000 0.075050
139.000000 0.075050
140.000000 0.075050
141.000000 0.075050
142.000000 0.075050
143.000000 0.075050
144.000000 0.075050
145.000000 0.075050
146.000000 0.075050
147.000000 0.075050
148.000000 0.075050
149.000000 0.075050
150.000000 0.075050
151.000000 0.075050
152.000000 0.075050
153.000000 0.075050
154.000000 0.075050
155.000000 0.075050
156.000000 0.075050
157.000000 0.075050
158.000000 0.075050
159.000000 0.075050
160.000000 0.075050
161.000000 0.075123
162.000000 0.075050
163.000000 0.075050
164.000000 0.075050
165.000000 0.075050
166.000000 0.075050
167.000000 0.075050
168.000000 0.075050
169.000000 0.075050
170.000000 0.075050
171.000000 0.075050
172.000000 0.075050
173.000000 0.075091
174.000000 0.075050
175.000000 0.075050
176.000000 0.075050
177.000000 0.075050
178.000000 0.075050
179.000000 0.075106
180.000000 0.075050
181.000000 0.075050
182.000000 0.075050
183.000000 0.075050
184.000000 0.075050
185.000000 0.075050
186.000000 0.075050
187.000000 0.075050
188.000000 0.075050
189.000000 0.075050
190.000000 0.075050
191.000000 0.075050
192.000000 0.075050
193.000000 0.075050
194.000000 0.075050
195.000000 0.075050
196.000000 0.075050
197.000000 0.075106
198.000000 0.075050
199.000000 0.075050
200.000000 0.075050
201.000000 0.075050
202.000000 0.075050
203.000000 0.075050
204.000000 0.075050
205.000000 0.075050
206.000000 0.075050
207.000000 0.075050
208.000000 0.075050
209.000000 0.075050
210.000000 0.075050
211.000000 0.075050
212.000000 0.075050
213.000000 0.075050
214.000000 0.075050
215.000000 0.075189
216.000000 0.075050
217.000000 0.075050
218.000000 0.075050
219.000000 0.075050
220.000000 0.075050
221.000000 0.075050
222.000000 0.075050
223.000000 0.075050
224.000000 0.075050
225.000000 0.075050
226.000000 0.075050
227.000000 0.075050
228.000000 0.075050
229.000000 0.075050
230.000000 0.075050
231.000000 0.075050
232.000000 0.075050
233.000000 0.075172
234.000000 0.075050
235.000000 0.075050
236.000000 0.075050
237.000000 0.075050
238.000000 0.075050
239.000000 0.075050
240.000000 0.075050
241.000000 0.075050
242.000000 0.075050
243.000000 0.075050
244.000000 0.075050
245.000000 0.075050
246.000000 0.075050
247.000000 0.075050
248.000000 0.075050
249.000000 0.075050
250.000000 0.075050
251.000000 0.075156
252.000000 0.075050
253.000000 0.075050
254.000000 0.075050
255.000000 0.075050
256.000000 0.075050
257.000000 0.075050
258.000000 0.075050
259.000000 0.075050
260.000000 0.075050
261.000000 0.075050
262.000000 0.075050
263.000000 0.075050
264.000000 0.075050
265.000000 0.075050
266.000000 0.075050
267.000000 0.075050
268.000000 0.075050
269.000000 0.075140
270.000000 0.075050
271.000000 0.075050
272.000000 0.075050
273.000000 0.075050
274.000000 0.075050
275.000000 0.075050
276.000000 0.075050
277.000000 0.075050
278.000000 0.075050
279.000000 0.075050
280.000000 0.075050
281.000000 0.075050
282.000000 0.075050
283.000000 0.075050
284.000000 0.075050
285.000000 0.075050
286.000000 0.075050
287.000000 0.075125
288.000000 0.075050
289.000000 0.075050
290.000000 0.075050
291.000000 0.075050
292.000000 0.075050
293.000000 0.075050
294.000000 0.075050
295.000000 0.075050
296.000000 0.075050
297.000000 0.075050
298.000000 0.075050
299.000000 0.075050
300.000000 0.075050
301.000000 0.075050
302.000000 0.075050
303.000000 0.075050
304.000000 0.075050
305.000000 0.075050
306.000000 0.075050
307.000000 0.075050
308.000000 0.075050
309.000000 0.075050
310.000000 0.075050
311.000000 0.075050
312.000000 0.075050
313.000000 0.075050
314.000000 0.075050
315.000000 0.075050
316.000000 0.075050
317.000000 0.075050
318.000000 0.075050
319.000000 0.075050
320.000000 0.075050
321.000000 0.075050
322.000000 0.075050
323.000000 0.075050
324.000000 0.075050
325.000000 0.075050
326.000000 0.075050
327.000000 0.075050
328.000000 0.075050
329.000000 0.075050
330.000000 0.075050
331.000000 0.075050
332.000000 0.075050
333.000000 0.075050
334.000000 0.075050
335.000000 0.075050
336.000000 0.075050
337.000000 0.075050
338.000000 0.075050
339.000000 0.075050
340.000000 0.075093
341.000000 0.075050
342.000000 0.075050
343.000000 0.075050
344.000000 0.075050
345.000000 0.075050
346.000000 0.075050
347.000000 0.075050
348.000000 0.075050
349.000000 0.075050
350.000000 0.075050
351.000000 0.075050
352.000000 0.075050
353.000000 0.075050
354.000000 0.075050
355.000000 0.075050
356.000000 0.075050
357.000000 0.075050
358.000000 0.075050
359.000000 0.075050
360.000000 0.075050
361.000000 0.075050
362.000000 0.075050
363.000000 0.075050
364.000000 0.075050
365.000000 0.075050
366.000000 0.075050
367.000000 0.075050
368.000000 0.075050
369.000000 0.075050
370.000000 0.075050
371.000000 0.075050
372.000000 0.075050
373.000000 0.075050
374.000000 0.075050
375.000000 0.075050
376.000000 0.075050
377.000000 0.075050
378.000000 0.075050
379.000000 0.075050
380.000000 0.075050
381.000000 0.075050
382.000000 0.075050
383.000000 0.075050
384.000000 0.075050
385.000000 0.075050
386.000000 0.075050
387.000000 0.075050
388.000000 0.075050
389.000000 0.075050
390.000000 0.075050
391.000000 0.075050
392.000000 0.075050
393.000000 0.075050
394.000000 0.075137
395.000000 0.075050
396.000000 0.075050
397.000000 0.075050
398.000000 0.075050
399.000000 0.075050
400.000000 0.075050
401.000000 0.075050
402.000000 0.075050
403.000000 0.075050
404.000000 0.075050
405.000000 0.075050
406.000000 0.075050
407.000000 0.075050
408.000000 0.075050
409.000000 0.075050
410.000000 0.075050
411.000000 0.075050
412.000000 0.075136
413.000000 0.075050
414.000000 0.075050
415.000000 0.075050
416.000000 0.075050
417.000000 0.075050
418.000000 0.075050
419.000000 0.075050
420.000000 0.075050
421.000000 0.075050
422.000000 0.075050
423.000000 0.075050
424.000000 0.075050
425.000000 0.075050
426.000000 0.075050
427.000000 0.075050
428.000000 0.075050
429.000000 0.075050
430.000000 0.075120
431.000000 0.075050
432.000000 0.075050
433.000000 0.075050
434.000000 0.075050
435.000000 0.075050
436.000000 0.075050
437.000000 0.075050
438.000000 0.075050
439.000000 0.075050
440.000000 0.075050
441.000000 0.075050
442.000000 0.075050
443.000000 0.075050
444.000000 0.075050
445.000000 0.075050
446.000000 0.075050
447.000000 0.075050
448.000000 0.075187
449.000000 0.075050
450.000000 0.075050
451.000000 0.075050
452.000000 0.075050
453.000000 0.075050
454.000000 0.075050
455.000000 0.075050
456.000000 0.075050
457.000000 0.075050
458.000000 0.075050
459.000000 0.075050
460.000000 0.075050
461.000000 0.075050
462.000000 0.075050
463.000000 0.075050
464.000000 0.075050
465.000000 0.075050
466.000000 0.075172
467.000000 0.075050
468.000000 0.075050
469.000000 0.075050
470.000000 0.075050
471.000000 0.075050
472.000000 0.075050
473.000000 0.075050
474.000000 0.075050
475.000000 0.075050
476.000000 0.075050
477.000000 0.075050
478.000000 0.075050
479.000000 0.075050
480.000000 0.075050
481.000000 0.075050
482.000000 0.075050
483.000000 0.075050
484.000000 0.075156
485.000000 0.075050
486.000000 0.075050
487.000000 0.075050
488.000000 0.075050
489.000000 0.075050
490.000000 0.075050
491.000000 0.075050
492.000000 0.075050
493.000000 0.075050
494.000000 0.075050
495.000000 0.075050
496.000000 0.075050
497.000000 0.075050
498.000000 0.075050
499.000000 0.075050
500.000000 0.075050
501.000000 0.075050
502.000000 0.075050
503.000000 0.075050
504.000000 0.075050
505.000000 0.075050
506.000000 0.075050
507.000000 0.075050
508.000000 0.075050
509.000000 0.075050
510.000000 0.075050
511.000000 0.075050
512.000000 0.075050
513.000000 0.075098
514.000000 0.075050
515.000000 0.075050
516.000000 0.075050
517.000000 0.075050
518.000000 0.075050
519.000000 0.075062
520.000000 0.075050
521.000000 0.075050
522.000000 0.075050
523.000000 0.075050
524.000000 0.075050
525.000000 0.075050
526.000000 0.075050
527.000000 0.075050
528.000000 0.075050
529.000000 0.075050
530.000000 0.075050
531.000000 0.075050
532.000000 0.075050
533.000000 0.075050
534.000000 0.075050
535.000000 0.075050
536.000000 0.075050
537.000000 0.075050
538.000000 0.075050
539.000000 0.075050
540.000000 0.075050
541.000000 0.075050
542.000000 0.075050
543.000000 0.075050
544.000000 0.075050
545.000000 0.075050
546.000000 0.075050
547.000000 0.075050
548.000000 0.075050
549.000000 0.075050
550.000000 0.075050
551.000000 0.075050
552.000000 0.075050
553.000000 0.075050
554.000000 0.075050
555.000000 0.075050
556.000000 0.075050
557.000000 0.075050
558.000000 0.075050
559.000000 0.075050
560.000000 0.075050
561.000000 0.075050
562.000000 0.075050
563.000000 0.075050
564.000000 0.075050
565.000000 0.075050
566.000000 0.075050
567.000000 0.075050
568.000000 0.075050
569.000000 0.075050
570.000000 0.075050
571.000000 0.075050
572.000000 0.075050
573.000000 0.075082
574.000000 0.075050
575.000000 0.075050
576.000000 0.075050
577.000000 0.075050
578.000000 0.075050
579.000000 0.075050
580.000000 0.075050
581.000000 0.075050
582.000000 0.075050
583.000000 0.075050
584.000000 0.075050
585.000000 0.075050
586.000000 0.075050
587.000000 0.075050
588.000000 0.075050
589.000000 0.075050
590.000000 0.075050
591.000000 0.075168
592.000000 0.075050
593.000000 0.075050
594.000000 0.075050
595.000000 0.075050
596.000000 0.075050
597.000000 0.075050
598.000000 0.075050
599.000000 0.075050
600.000000 0.075050
601.000000 0.075050
602.000000 0.075050
603.000000 0.075050
604.000000 0.075050
605.000000 0.075050
606.000000 0.075050
607.000000 0.075050
608.000000 0.075050
609.000000 0.075151
610.000000 0.075050
611.000000 0.075050
612.000000 0.075050
613.000000 0.075050
614.000000 0.075050
615.000000 0.075050
616.000000 0.075050
617.000000 0.075050
618.000000 0.075050
619.000000 0.075050
620.000000 0.075050
621.000000 0.075050
622.000000 0.075050
623.000000 0.075050
624.000000 0.075050
625.000000 0.075050
626.000000 0.075050
627.000000 0.075131
628.000000 0.075050
629.000000 0.075050
630.000000 0.075050
631.000000 0.075050
632.000000 0.075050
633.000000 0.075050
634.000000 0.075050
635.000000 0.075050
636.000000 0.075050
637.000000 0.075050
638.000000 0.075050
639.000000 0.075050
640.000000 0.075050
641.000000 0.075050
642.000000 0.075050
643.000000 0.075050
644.000000 0.075050
645.000000 0.075199
646.000000 0.075050
647.000000 0.075050
648.000000 0.075050
649.000000 0.075050
650.000000 0.075050
651.000000 0.075050
652.000000 0.075050
653.000000 0.075050
654.000000 0.075050
655.000000 0.075050
656.000000 0.075050
657.000000 0.075050
658.000000 0.075050
659.000000 0.075050
660.000000 0.075050
661.000000 0.075050
662.000000 0.075050
663.000000 0.075183
664.000000 0.075050
665.000000 0.075050
666.000000 0.075050
667.000000 0.075050
668.000000 0.075050
669.000000 0.075050
670.000000 0.075050
671.000000 0.075050
672.000000 0.075050
673.000000 0.075050
674.000000 0.075050
675.000000 0.075050
676.000000 0.075050
677.000000 0.075050
678.000000 0.075050
679.000000 0.075050
680.000000 0.075050
681.000000 0.075168
682.000000 0.075050
683.000000 0.075050
684.000000 0.075050
685.000000 0.075050
686.000000 0.075050
687.000000 0.075050
688.000000 0.075050
689.000000 0.075050
690.000000 0.075050
691.000000 0.075050
692.000000 0.075105
693.000000 0.075050
694.000000 0.075050
695.000000 0.075050
696.000000 0.075050
697.000000 0.075050
698.000000 0.075050
699.000000 0.075050
700.000000 0.075050
701.000000 0.075050
702.000000 0.075050
703.000000 0.075050
704.000000 0.075050
705.000000 0.075050
706.000000 0.075050
707.000000 0.075050
708.000000 0.075050
709.000000 0.075050
710.000000 0.075050
711.000000 0.075050
712.000000 0.075050
713.000000 0.075050
714.000000 0.075050
715.000000 0.075050
716.000000 0.075050
717.000000 0.075050
718.000000 0.075050
719.000000 0.075050
720.000000 0.075050
721.000000 0.075050
722.000000 0.075050
723.000000 0.075050
724.000000 0.075050
725.000000 0.075050
726.000000 0.075050
727.000000 0.075050
728.000000 0.075050
729.000000 0.075050
730.000000 0.075050
731.000000 0.075050
732.000000 0.075050
733.000000 0.075050
734.000000 0.075050
735.000000 0.075050
736.000000 0.075050
737.000000 0.075050
738.000000 0.075050
739.000000 0.075050
740.000000 0.075050
741.000000 0.075050
742.000000 0.075050
743.000000 0.075050
744.000000 0.075050
745.000000 0.075050
746.000000 0.075050
747.000000 0.075050
748.000000 0.075050
749.000000 0.075050
750.000000 0.075050
751.000000 0.075050
752.000000 0.075050
753.000000 0.075050
754.000000 0.075050
755.000000 0.075050
756.000000 0.075050
757.000000 0.075050
758.000000 0.075050
759.000000 0.075050
760.000000 0.075050
761.000000 0.075050
762.000000 0.075050
763.000000 0.075050
764.000000 0.075050
765.000000 0.075050
766.000000 0.075050
767.000000 0.075050
768.000000 0.075050
769.000000 0.075050
770.000000 0.075197
771.000000 0.075050
772.000000 0.075050
773.000000 0.075050
774.000000 0.075050
775.000000 0.075050
776.000000 0.075050
777.000000 0.075050
778.000000 0.075050
779.000000 0.075050
780.000000 0.075050
781.000000 0.075050
782.000000 0.075050
783.000000 0.075050
784.000000 0.075050
785.000000 0.075050
786.000000 0.075050
787.000000 0.075050
788.000000 0.075179
789.000000 0.075050
790.000000 0.075050
791.000000 0.075050
792.000000 0.075050
793.000000 0.075050
794.000000 0.075050
795.000000 0.075050
796.000000 0.075050
797.000000 0.075050
798.000000 0.075050
799.000000 0.075050
800.000000 0.075050
801.000000 0.075050
802.000000 0.075050
803.000000 0.075050
804.000000 0.075050
805.000000 0.075050
806.000000 0.075116
807.000000 0.075050
808.000000 0.075050
809.000000 0.075050
810.000000 0.075050
811.000000 0.075050
812.000000 0.075050
813.000000 0.075050
814.000000 0.075050
815.000000 0.075050
816.000000 0.075050
817.000000 0.075050
818.000000 0.075050
819.000000 0.075050
820.000000 0.075050
821.000000 0.075050
822.000000 0.075050
823.000000 0.075050
824.000000 0.075182
