0 0.000000
0 0.000000
2 0.002944
3 0.001792
17 0.469504
32 0.503040
88 1.878016
161 2.448128
243 2.749952
286 1.442048
332 1.542656
393 2.045696
416 0.771328
451 1.173760
491 1.341440
523 1.073152
578 1.844480
618 1.341440
672 1.810944
729 1.911552
781 1.743872
832 1.710336
860 0.939008
897 1.240832
914 0.570112
941 0.905472
973 1.073152
993 0.670720
1035 1.408512
1066 1.039616
1110 1.475584
1157 1.576192
1198 1.374976
1261 2.112768
1309 1.609728
1370 2.045696
1434 2.146304
1497 2.112768
1572 2.515200
1644 2.414592
1724 2.682880
1804 2.682880
1887 2.783488
1971 2.817024
2054 2.783488
2137 2.783488
2221 2.817024
2304 2.783488
2387 2.783488
2471 2.817024
2554 2.783488
2637 2.783488
2721 2.817024
2804 2.783488
2887 2.783488
2971 2.817024
3054 2.783488
3137 2.783488
3221 2.817024
3304 2.783488
3387 2.783488
3471 2.817024
3554 2.783488
3637 2.783488
3721 2.817024
3804 2.783488
3887 2.783488
3971 2.817024
4054 2.783488
4137 2.783488
4221 2.817024
4304 2.783488
4372 2.280448
