0 0.000000
0 0.000000
2 0.002944
3 0.001792
14 0.368896
30 0.536576
53 0.771328
78 0.838400
103 0.838400
128 0.838400
153 0.838400
178 0.838400
203 0.838400
228 0.838400
253 0.838400
278 0.838400
303 0.838400
328 0.838400
353 0.838400
378 0.838400
403 0.838400
428 0.838400
453 0.838400
478 0.838400
503 0.838400
528 0.838400
553 0.838400
578 0.838400
603 0.838400
628 0.838400
653 0.838400
678 0.838400
703 0.838400
728 0.838400
753 0.838400
778 0.838400
803 0.838400
828 0.838400
853 0.838400
878 0.838400
903 0.838400
928 0.838400
953 0.838400
978 0.838400
1003 0.838400
1028 0.838400
1053 0.838400
1078 0.838400
1103 0.838400
1128 0.838400
1153 0.838400
1178 0.838400
1203 0.838400
1228 0.838400
1253 0.838400
1278 0.838400
1303 0.838400
1328 0.838400
1353 0.838400
1378 0.838400
1403 0.838400
1428 0.838400
1453 0.838400
1478 0.838400
1503 0.838400
1528 0.838400
1553 0.838400
1578 0.838400
1603 0.838400
1628 0.838400
1653 0.838400
1678 0.838400
1703 0.838400
1728 0.838400
1753 0.838400
1778 0.838400
1803 0.838400
1828 0.838400
1853 0.838400
1878 0.838400
1903 0.838400
