0.500000 0.075015
0.650029 0.075008
0.800046 0.075014
0.950073 0.075251
0.950073 0.075335
0.950073 0.075419
0.950073 0.075503
0.950073 0.075587
1.100336 0.075252
1.100336 0.075335
1.100504 0.075251
1.100504 0.075335
1.100504 0.075419
1.100671 0.075336
1.100671 0.075420
1.100671 0.075503
1.100671 0.075587
1.250683 0.075251
1.250683 0.075335
1.250683 0.075419
1.250851 0.075335
1.250851 0.075419
1.250851 0.075503
1.250851 0.075586
1.251018 0.075503
1.251018 0.075670
1.251018 0.075837
1.251186 0.075836
1.251186 0.076003
1.251186 0.076170
1.400946 0.075251
1.400946 0.075335
1.400946 0.075419
1.400946 0.075503
1.401114 0.075419
1.401114 0.075503
1.401114 0.075586
1.401281 0.075503
1.401281 0.075670
1.401281 0.075837
1.401281 0.076004
1.401449 0.075920
1.401449 0.076087
1.401449 0.076254
1.401700 0.076170
1.401700 0.076254
1.401700 0.076421
1.401700 0.076588
1.402034 0.076421
1.402034 0.076505
1.402034 0.076589
1.402368 0.076339
1.402368 0.076423
1.402368 0.076507
1.402368 0.076590
1.551293 0.075251
1.551293 0.075335
1.551293 0.075419
1.551460 0.075336
1.551460 0.075420
1.551460 0.075504
1.551628 0.075419
1.551628 0.075503
1.551628 0.075587
1.551628 0.075754
1.551796 0.075753
1.551796 0.075920
1.551796 0.076004
1.552130 0.075754
1.552130 0.075921
1.552130 0.076088
1.552130 0.076255
1.552381 0.076088
1.552381 0.076255
1.552381 0.076422
1.552715 0.076255
1.552715 0.076339
1.552715 0.076423
1.552715 0.076590
1.552966 0.076506
1.552966 0.076673
1.552966 0.076757
1.553300 0.076506
1.553300 0.076590
1.553300 0.076674
1.553300 0.076758
1.553551 0.076591
1.553551 0.076675
1.553551 0.076758
1.553718 0.076675
1.553718 0.076759
1.553718 0.076843
1.553886 0.076759
1.553886 0.076843
1.553886 0.076926
1.553886 0.077010
1.701556 0.075251
1.701556 0.075335
1.701556 0.075419
1.701724 0.075335
1.701724 0.075419
1.701724 0.075503
1.701724 0.075586
1.701891 0.075503
1.701891 0.075587
1.701891 0.075754
1.702059 0.075753
1.702059 0.075837
1.702059 0.075921
1.702059 0.076088
1.702227 0.076087
1.702227 0.076171
1.702227 0.076255
1.702561 0.076004
1.702561 0.076088
1.702561 0.076255
1.702561 0.076422
1.702812 0.076255
1.702812 0.076339
1.702812 0.076423
1.703062 0.076340
1.703062 0.076507
1.703062 0.076591
1.703396 0.076341
1.703396 0.076508
1.703396 0.076675
1.703396 0.076759
1.703647 0.076591
1.703647 0.076675
1.703647 0.076759
1.703981 0.076592
1.703981 0.076759
1.703981 0.076843
1.703981 0.076927
1.704149 0.076843
1.704149 0.076927
1.704149 0.077010
1.704483 0.076760
1.704483 0.076844
1.704483 0.076928
1.704483 0.077012
1.704734 0.076845
1.704734 0.076928
1.704734 0.077012
1.704902 0.076928
1.704902 0.077012
1.704902 0.077096
1.704902 0.077180
1.705069 0.077096
1.705069 0.077180
1.705237 0.077096
1.705237 0.077180
1.705405 0.077096
1.705405 0.077180
1.705572 0.077096
1.705572 0.077180
1.705740 0.077096
1.705740 0.077180
1.705908 0.077096
1.705908 0.077180
1.851903 0.075251
1.851903 0.075335
1.852070 0.075252
1.852070 0.075336
1.852238 0.075252
1.852238 0.075335
1.852406 0.075268
1.852406 0.075352
1.852657 0.075251
1.852657 0.075418
1.852908 0.075334
1.852908 0.075418
1.853158 0.075252
1.853158 0.075419
1.853409 0.075335
1.853409 0.075419
1.853577 0.075335
1.853577 0.075419
1.853828 0.075251
1.853828 0.075418
1.854079 0.075334
1.854079 0.075418
1.854246 0.075335
1.854246 0.075419
1.854580 0.075335
1.854580 0.075419
1.854748 0.075335
1.854748 0.075419
1.855082 0.075335
1.855082 0.075419
1.855250 0.075335
1.855250 0.075418
1.855418 0.075334
1.855418 0.075418
1.855752 0.075334
1.855752 0.075418
1.855919 0.075335
1.855919 0.075419
1.856087 0.075335
1.856087 0.075419
1.856255 0.075334
1.856255 0.075418
1.856422 0.075335
1.856422 0.075419
1.856590 0.075335
1.856590 0.075419
1.856758 0.075334
1.856758 0.075418
1.856925 0.075335
1.856925 0.075419
1.857093 0.075335
1.857093 0.075419
1.857261 0.075335
1.857261 0.075418
1.857428 0.075335
1.857428 0.075419
1.857596 0.075335
1.857596 0.075419
1.857764 0.075335
1.857764 0.075418
1.857932 0.075334
1.857932 0.075418
1.858099 0.075335
1.858099 0.075419
2.002250 0.075251
2.002250 0.075335
2.002417 0.075252
2.002417 0.075336
2.002585 0.075251
2.002585 0.075335
2.002769 0.075252
2.002769 0.075336
2.003087 0.075251
2.003087 0.075418
2.003338 0.075334
2.003338 0.075418
2.003588 0.075269
2.003588 0.075436
2.003839 0.075352
2.003839 0.075436
2.004007 0.075352
2.004007 0.075435
2.004258 0.075268
2.004258 0.075435
2.004509 0.075351
2.004509 0.075435
2.004676 0.075352
2.004676 0.075436
2.005011 0.075351
2.005011 0.075435
2.005178 0.075352
2.005178 0.075436
2.005512 0.075352
2.005512 0.075436
2.005680 0.075352
2.005680 0.075435
2.005848 0.075351
2.005848 0.075435
2.006182 0.075351
2.006182 0.075435
2.006349 0.075352
2.006349 0.075436
2.006517 0.075352
2.006517 0.075435
2.006685 0.075351
2.006685 0.075435
2.006852 0.075352
2.006852 0.075436
2.007020 0.075352
2.007020 0.075436
2.007188 0.075351
2.007188 0.075435
2.007356 0.075351
2.007356 0.075435
2.007523 0.075352
2.007523 0.075436
2.007691 0.075351
2.007691 0.075435
2.007859 0.075351
2.007859 0.075435
2.008026 0.075352
2.008026 0.075436
2.008194 0.075351
2.008194 0.075435
2.008362 0.075351
2.008362 0.075435
2.008529 0.075352
2.008529 0.075436
2.152596 0.075252
2.152596 0.075336
2.152764 0.075252
2.152764 0.075336
2.152932 0.075251
2.152932 0.075335
2.153116 0.075252
2.153116 0.075336
2.153517 0.075251
2.153517 0.075418
2.153768 0.075334
2.153768 0.075418
2.154035 0.075252
2.154035 0.075419
2.154286 0.075335
2.154286 0.075419
2.154454 0.075335
2.154454 0.075418
2.154705 0.075251
2.154705 0.075435
2.154956 0.075351
2.154956 0.075435
2.155123 0.075352
2.155123 0.075436
2.155457 0.075352
2.155457 0.075436
2.155625 0.075352
2.155625 0.075435
2.155959 0.075352
2.155959 0.075436
2.156127 0.075351
2.156127 0.075435
2.156295 0.075351
2.156295 0.075435
2.156629 0.075351
2.156629 0.075435
2.156796 0.075352
2.156796 0.075436
2.156964 0.075352
2.156964 0.075435
2.157132 0.075351
2.157132 0.075435
2.157299 0.075352
2.157299 0.075436
2.157467 0.075352
2.157467 0.075435
2.157635 0.075351
2.157635 0.075435
2.157802 0.075352
2.157802 0.075436
2.157970 0.075352
2.157970 0.075435
2.158138 0.075351
2.158138 0.075435
2.158305 0.075352
2.158305 0.075436
2.158473 0.075352
2.158473 0.075435
2.158641 0.075351
2.158641 0.075435
2.158808 0.075352
2.158808 0.075436
2.158976 0.075352
2.158976 0.075436
2.302943 0.075252
2.302943 0.075336
2.303111 0.075252
2.303111 0.075335
2.303279 0.075251
2.303279 0.075335
2.303463 0.075252
2.303463 0.075336
2.303947 0.075251
2.303947 0.075418
2.304198 0.075334
2.304198 0.075418
2.304465 0.075252
2.304465 0.075419
2.304716 0.075335
2.304716 0.075419
2.304884 0.075335
2.304884 0.075419
2.305152 0.075251
2.305152 0.075418
2.305403 0.075334
2.305403 0.075418
2.305570 0.075335
2.305570 0.075419
2.305904 0.075335
2.305904 0.075436
2.306072 0.075352
2.306072 0.075435
2.306406 0.075352
2.306406 0.075435
2.306574 0.075351
2.306574 0.075435
2.306741 0.075352
2.306741 0.075436
2.307076 0.075351
2.307076 0.075435
2.307243 0.075352
2.307243 0.075436
2.307411 0.075351
2.307411 0.075435
2.307579 0.075351
2.307579 0.075435
2.307746 0.075352
2.307746 0.075436
2.307914 0.075351
2.307914 0.075435
2.308082 0.075351
2.308082 0.075435
2.308249 0.075352
2.308249 0.075436
2.308417 0.075351
2.308417 0.075435
2.308585 0.075351
2.308585 0.075435
2.308752 0.075352
2.308752 0.075436
2.308920 0.075352
2.308920 0.075435
2.309088 0.075351
2.309088 0.075435
2.309255 0.075352
2.309255 0.075436
2.309423 0.075352
2.309423 0.075435
2.453290 0.075252
2.453290 0.075336
2.453458 0.075251
2.453458 0.075335
2.453626 0.075251
2.453626 0.075335
2.453810 0.075252
2.453810 0.075335
2.454377 0.075251
2.454377 0.075419
2.454628 0.075335
2.454628 0.075418
2.454896 0.075251
2.454896 0.075418
2.455146 0.075335
2.455146 0.075419
2.455314 0.075335
2.455314 0.075419
2.455582 0.075251
2.455582 0.075418
2.455833 0.075334
2.455833 0.075418
2.456000 0.075335
2.456000 0.075419
2.456351 0.075318
2.456351 0.075402
2.456519 0.075318
2.456519 0.075402
2.456853 0.075318
2.456853 0.075402
2.457021 0.075318
2.457021 0.075401
2.457188 0.075335
2.457188 0.075419
2.457522 0.075335
2.457522 0.075419
2.457690 0.075335
2.457690 0.075419
2.457858 0.075334
2.457858 0.075418
2.458025 0.075335
2.458025 0.075419
2.458193 0.075335
2.458193 0.075419
2.458361 0.075335
2.458361 0.075418
2.458528 0.075335
2.458528 0.075419
2.458696 0.075335
2.458696 0.075419
2.458864 0.075335
2.458864 0.075418
2.459032 0.075334
2.459032 0.075418
2.459199 0.075335
2.459199 0.075419
2.459367 0.075335
2.459367 0.075418
2.459535 0.075334
2.459535 0.075418
2.459702 0.075335
2.459702 0.075419
2.459870 0.075335
2.459870 0.075418
2.603637 0.075252
2.603637 0.075335
2.603805 0.075251
2.603805 0.075335
2.603972 0.075252
2.603972 0.075336
2.604157 0.075251
2.604157 0.075335
2.604807 0.075252
2.604807 0.075419
2.605058 0.075335
2.605058 0.075418
2.605326 0.075251
2.605326 0.075418
2.605576 0.075335
2.605576 0.075419
2.605744 0.075335
2.605744 0.075419
2.606012 0.075251
2.606012 0.075418
2.606263 0.075334
2.606263 0.075418
2.606430 0.075335
2.606430 0.075419
2.606764 0.075335
2.606764 0.075419
2.606932 0.075335
2.606932 0.075419
2.607266 0.075335
2.607266 0.075419
2.607434 0.075335
2.607434 0.075418
2.607618 0.075318
2.607618 0.075402
2.607952 0.075318
2.607952 0.075402
2.608120 0.075318
2.608120 0.075402
2.608288 0.075318
2.608288 0.075418
2.608456 0.075334
2.608456 0.075418
2.608623 0.075335
2.608623 0.075419
2.608791 0.075335
2.608791 0.075418
2.608959 0.075334
2.608959 0.075418
2.609126 0.075335
2.609126 0.075419
2.609294 0.075335
2.609294 0.075418
2.609462 0.075334
2.609462 0.075418
2.609629 0.075335
2.609629 0.075419
2.609797 0.075335
2.609797 0.075419
2.609965 0.075334
2.609965 0.075418
2.610132 0.075335
2.610132 0.075419
2.610300 0.075335
2.610300 0.075419
2.753984 0.075252
2.753984 0.075335
2.754152 0.075251
2.754152 0.075335
2.754319 0.075252
2.754319 0.075336
2.754504 0.075251
2.754504 0.075335
2.755237 0.075252
2.755237 0.075419
2.755488 0.075335
2.755488 0.075419
2.755756 0.075251
2.755756 0.075418
2.756007 0.075334
2.756007 0.075418
2.756174 0.075335
2.756174 0.075419
2.756442 0.075251
2.756442 0.075418
2.756693 0.075335
2.756693 0.075418
2.756860 0.075335
2.756860 0.075419
2.757195 0.075334
2.757195 0.075418
2.757362 0.075335
2.757362 0.075419
2.757696 0.075335
2.757696 0.075419
2.757864 0.075335
2.757864 0.075419
2.758032 0.075334
2.758032 0.075418
2.758366 0.075334
2.758366 0.075418
2.758533 0.075335
2.758533 0.075419
2.758718 0.075318
2.758718 0.075402
2.758886 0.075318
2.758886 0.075401
2.759053 0.075318
2.759053 0.075402
2.759221 0.075318
2.759221 0.075402
2.759389 0.075318
2.759389 0.075401
2.759556 0.075335
2.759556 0.075419
2.759724 0.075335
2.759724 0.075419
2.759892 0.075334
2.759892 0.075418
2.760059 0.075335
2.760059 0.075419
2.760227 0.075335
2.760227 0.075419
2.760395 0.075334
2.760395 0.075418
2.760562 0.075335
2.760562 0.075419
2.760730 0.075335
2.760730 0.075419
2.904331 0.075251
2.904331 0.075335
2.904499 0.075251
2.904499 0.075335
2.904666 0.075252
2.904666 0.075336
2.904851 0.075251
2.904851 0.075335
2.905667 0.075252
2.905667 0.075419
2.905918 0.075335
2.905918 0.075419
2.906186 0.075251
2.906186 0.075418
2.906437 0.075334
2.906437 0.075418
2.906604 0.075335
2.906604 0.075419
2.906872 0.075252
2.906872 0.075419
2.907123 0.075335
2.907123 0.075418
2.907291 0.075334
2.907291 0.075418
2.907625 0.075334
2.907625 0.075418
2.907792 0.075335
2.907792 0.075419
2.908126 0.075335
2.908126 0.075419
2.908294 0.075335
2.908294 0.075419
2.908462 0.075334
2.908462 0.075418
2.908796 0.075335
2.908796 0.075418
2.908964 0.075334
2.908964 0.075418
2.909131 0.075335
2.909131 0.075419
2.909299 0.075335
2.909299 0.075418
2.909467 0.075334
2.909467 0.075418
2.909634 0.075335
2.909634 0.075419
2.909802 0.075335
2.909802 0.075418
2.909986 0.075318
2.909986 0.075402
2.910154 0.075318
2.910154 0.075402
2.910322 0.075318
2.910322 0.075402
2.910489 0.075318
2.910489 0.075402
2.910657 0.075318
2.910657 0.075419
2.910825 0.075335
2.910825 0.075418
2.910992 0.075335
2.910992 0.075419
2.911160 0.075335
2.911160 0.075419
3.054678 0.075251
3.054678 0.075335
3.054845 0.075252
3.054845 0.075336
3.055013 0.075252
3.055013 0.075335
3.055198 0.075251
3.055198 0.075335
3.056097 0.075252
3.056097 0.075419
3.056348 0.075335
3.056348 0.075419
3.056616 0.075251
3.056616 0.075418
3.056867 0.075334
3.056867 0.075418
3.057034 0.075335
3.057034 0.075419
3.057302 0.075252
3.057302 0.075419
3.057553 0.075335
3.057553 0.075419
3.057721 0.075334
3.057721 0.075418
3.058055 0.075334
3.058055 0.075418
3.058222 0.075335
3.058222 0.075419
3.058556 0.075335
3.058556 0.075419
3.058724 0.075335
3.058724 0.075419
3.058892 0.075335
3.058892 0.075418
3.059226 0.075335
3.059226 0.075418
3.059394 0.075334
3.059394 0.075418
3.059561 0.075335
3.059561 0.075419
3.059729 0.075335
3.059729 0.075419
3.059897 0.075334
3.059897 0.075418
3.060064 0.075335
3.060064 0.075419
3.060232 0.075335
3.060232 0.075419
3.060400 0.075334
3.060400 0.075418
3.060567 0.075335
3.060567 0.075419
3.060735 0.075335
3.060735 0.075419
3.060903 0.075334
3.060903 0.075418
3.061087 0.075318
3.061087 0.075402
3.061255 0.075318
3.061255 0.075402
3.061423 0.075317
3.061423 0.075401
3.061590 0.075318
3.061590 0.075402
3.205025 0.075251
3.205025 0.075335
3.205192 0.075252
3.205192 0.075336
3.205360 0.075252
3.205360 0.075335
3.205544 0.075252
3.205544 0.075336
3.206527 0.075252
3.206527 0.075419
3.206778 0.075335
3.206778 0.075419
3.207046 0.075251
3.207046 0.075418
3.207297 0.075335
3.207297 0.075418
3.207464 0.075335
3.207464 0.075419
3.207732 0.075252
3.207732 0.075419
3.207983 0.075335
3.207983 0.075419
3.208151 0.075334
3.208151 0.075418
3.208485 0.075335
3.208485 0.075418
3.208652 0.075335
3.208652 0.075419
3.208987 0.075334
3.208987 0.075418
3.209154 0.075335
3.209154 0.075419
3.209322 0.075335
3.209322 0.075418
3.209656 0.075335
3.209656 0.075419
3.209824 0.075334
3.209824 0.075418
3.209991 0.075335
3.209991 0.075419
3.210159 0.075335
3.210159 0.075419
3.210327 0.075334
3.210327 0.075418
3.210494 0.075335
3.210494 0.075419
3.210662 0.075335
3.210662 0.075419
3.210830 0.075334
3.210830 0.075418
3.210997 0.075335
3.210997 0.075419
3.211165 0.075335
3.211165 0.075419
3.211333 0.075335
3.211333 0.075418
3.211500 0.075335
3.211500 0.075419
3.211668 0.075335
3.211668 0.075419
3.211836 0.075335
3.211836 0.075418
3.212004 0.075334
3.212004 0.075418
3.355372 0.075251
3.355372 0.075335
3.355539 0.075252
3.355539 0.075336
3.355707 0.075251
3.355707 0.075335
3.355891 0.075252
3.355891 0.075353
3.356957 0.075252
3.356957 0.075419
3.357208 0.075335
3.357208 0.075419
3.357476 0.075252
3.357476 0.075419
3.357727 0.075335
3.357727 0.075418
3.357895 0.075334
3.357895 0.075418
3.358162 0.075252
3.358162 0.075419
3.358413 0.075335
3.358413 0.075419
3.358581 0.075335
3.358581 0.075418
3.358915 0.075335
3.358915 0.075418
3.359083 0.075334
3.359083 0.075418
3.359417 0.075334
3.359417 0.075418
3.359584 0.075335
3.359584 0.075419
3.359752 0.075335
3.359752 0.075419
3.360086 0.075335
3.360086 0.075419
3.360254 0.075334
3.360254 0.075418
3.360421 0.075335
3.360421 0.075419
3.360589 0.075335
3.360589 0.075419
3.360757 0.075335
3.360757 0.075418
3.360924 0.075335
3.360924 0.075419
3.361092 0.075335
3.361092 0.075419
3.361260 0.075335
3.361260 0.075418
3.361428 0.075334
3.361428 0.075418
3.361595 0.075335
3.361595 0.075419
3.361763 0.075335
3.361763 0.075418
3.361931 0.075334
3.361931 0.075418
3.362098 0.075335
3.362098 0.075419
3.362266 0.075335
3.362266 0.075418
3.362434 0.075334
3.362434 0.075418
3.505718 0.075252
3.505718 0.075336
3.505886 0.075252
3.505886 0.075335
3.506054 0.075251
3.506054 0.075335
3.506255 0.075252
3.506255 0.075335
3.507388 0.075251
3.507388 0.075418
3.507638 0.075335
3.507638 0.075419
3.507906 0.075252
3.507906 0.075419
3.508157 0.075335
3.508157 0.075419
3.508325 0.075334
3.508325 0.075418
3.508592 0.075252
3.508592 0.075419
3.508843 0.075335
3.508843 0.075419
3.509011 0.075335
3.509011 0.075418
3.509345 0.075335
3.509345 0.075419
3.509513 0.075334
3.509513 0.075418
3.509847 0.075334
3.509847 0.075418
3.510014 0.075335
3.510014 0.075419
3.510182 0.075335
3.510182 0.075419
3.510516 0.075335
3.510516 0.075419
3.510684 0.075335
3.510684 0.075418
3.510852 0.075334
3.510852 0.075418
3.511019 0.075335
3.511019 0.075419
3.511187 0.075335
3.511187 0.075418
3.511355 0.075334
3.511355 0.075418
3.511522 0.075335
3.511522 0.075419
3.511690 0.075335
3.511690 0.075418
3.511858 0.075334
3.511858 0.075418
3.512025 0.075335
3.512025 0.075419
3.512193 0.075335
3.512193 0.075419
3.512361 0.075334
3.512361 0.075418
3.512528 0.075335
3.512528 0.075419
3.512696 0.075335
3.512696 0.075419
3.512864 0.075334
3.512864 0.075418
3.656065 0.075252
3.656065 0.075336
3.656233 0.075251
3.656233 0.075335
3.656401 0.075251
3.656401 0.075335
3.656602 0.075251
3.656602 0.075335
3.657818 0.075251
3.657818 0.075418
3.658068 0.075335
3.658068 0.075419
3.658336 0.075265
3.658336 0.075432
3.658587 0.075348
3.658587 0.075432
3.658755 0.075348
3.658755 0.075432
3.659022 0.075252
3.659022 0.075419
3.659273 0.075335
3.659273 0.075419
3.659441 0.075335
3.659441 0.075419
3.659775 0.075335
3.659775 0.075419
3.659943 0.075334
3.659943 0.075418
3.660277 0.075335
3.660277 0.075418
3.660444 0.075335
3.660444 0.075419
3.660612 0.075335
3.660612 0.075419
3.660946 0.075335
3.660946 0.075419
3.661114 0.075335
3.661114 0.075418
3.661282 0.075334
3.661282 0.075418
3.661449 0.075335
3.661449 0.075419
3.661617 0.075335
3.661617 0.075419
3.661785 0.075334
3.661785 0.075418
3.661952 0.075335
3.661952 0.075419
3.662120 0.075335
3.662120 0.075419
3.662288 0.075334
3.662288 0.075418
3.662455 0.075335
3.662455 0.075419
3.662623 0.075335
3.662623 0.075419
3.662791 0.075334
3.662791 0.075418
3.662958 0.075335
3.662958 0.075419
3.663126 0.075335
3.663126 0.075419
3.663294 0.075334
3.663294 0.075418
3.806412 0.075252
3.806412 0.075336
3.806580 0.075251
3.806580 0.075335
3.806748 0.075251
3.806748 0.075335
3.806949 0.075251
3.806949 0.075335
3.808248 0.075251
3.808248 0.075418
3.808499 0.075334
3.808499 0.075418
3.808780 0.075251
3.808780 0.075418
3.809031 0.075334
3.809031 0.075418
3.809198 0.075335
3.809198 0.075419
3.809452 0.075252
3.809452 0.075436
3.809703 0.075352
3.809703 0.075436
3.809871 0.075352
3.809871 0.075435
3.810205 0.075352
3.810205 0.075435
3.810373 0.075351
3.810373 0.075435
3.810707 0.075351
3.810707 0.075435
3.810875 0.075351
3.810875 0.075435
3.811042 0.075352
3.811042 0.075436
3.811376 0.075352
3.811376 0.075436
3.811544 0.075352
3.811544 0.075435
3.811712 0.075351
3.811712 0.075435
3.811879 0.075352
3.811879 0.075436
3.812047 0.075352
3.812047 0.075435
3.812215 0.075351
3.812215 0.075435
3.812382 0.075352
3.812382 0.075436
3.812550 0.075352
3.812550 0.075435
3.812718 0.075351
3.812718 0.075435
3.812885 0.075352
3.812885 0.075436
3.813053 0.075352
3.813053 0.075435
3.813221 0.075351
3.813221 0.075435
3.813388 0.075352
3.813388 0.075436
3.813556 0.075352
3.813556 0.075436
3.813724 0.075351
3.813724 0.075435
3.956759 0.075252
3.956759 0.075335
3.956927 0.075251
3.956927 0.075335
3.957094 0.075252
3.957094 0.075336
3.957296 0.075251
3.957296 0.075335
3.958678 0.075251
3.958678 0.075418
3.958929 0.075334
3.958929 0.075418
3.959210 0.075251
3.959210 0.075418
3.959461 0.075335
3.959461 0.075418
3.959628 0.075335
3.959628 0.075419
3.959899 0.075252
3.959899 0.075419
3.960150 0.075335
3.960150 0.075419
3.960318 0.075335
3.960318 0.075418
3.960652 0.075335
3.960652 0.075435
3.960820 0.075351
3.960820 0.075435
3.961154 0.075351
3.961154 0.075435
3.961321 0.075352
3.961321 0.075436
3.961489 0.075352
3.961489 0.075435
3.961823 0.075352
3.961823 0.075436
3.961991 0.075351
3.961991 0.075435
3.962159 0.075351
3.962159 0.075435
3.962326 0.075352
3.962326 0.075436
3.962494 0.075351
3.962494 0.075435
3.962662 0.075351
3.962662 0.075435
3.962829 0.075352
3.962829 0.075436
3.962997 0.075351
3.962997 0.075435
3.963165 0.075351
3.963165 0.075435
3.963332 0.075352
3.963332 0.075436
3.963500 0.075352
3.963500 0.075435
3.963668 0.075351
3.963668 0.075435
3.963835 0.075352
3.963835 0.075436
3.964003 0.075352
3.964003 0.075435
3.964171 0.075351
3.964171 0.075435
4.107106 0.075251
4.107106 0.075335
4.107274 0.075251
4.107274 0.075335
4.107441 0.075252
4.107441 0.075336
4.107643 0.075251
4.107643 0.075335
4.109108 0.075251
4.109108 0.075418
4.109359 0.075334
4.109359 0.075418
4.109640 0.075252
4.109640 0.075419
4.109891 0.075335
4.109891 0.075418
4.110059 0.075334
4.110059 0.075418
4.110329 0.075252
4.110329 0.075419
4.110580 0.075335
4.110580 0.075419
4.110748 0.075335
4.110748 0.075419
4.111099 0.075318
4.111099 0.075402
4.111267 0.075317
4.111267 0.075401
4.111601 0.075318
4.111601 0.075401
4.111768 0.075318
4.111768 0.075402
4.111936 0.075335
4.111936 0.075419
4.112270 0.075335
4.112270 0.075419
4.112438 0.075334
4.112438 0.075418
4.112605 0.075335
4.112605 0.075419
4.112773 0.075335
4.112773 0.075419
4.112941 0.075335
4.112941 0.075418
4.113108 0.075335
4.113108 0.075419
4.113276 0.075335
4.113276 0.075419
4.113444 0.075335
4.113444 0.075418
4.113612 0.075334
4.113612 0.075418
4.113779 0.075335
4.113779 0.075419
4.113947 0.075335
4.113947 0.075418
4.114115 0.075334
4.114115 0.075418
4.114282 0.075335
4.114282 0.075419
4.114450 0.075335
4.114450 0.075418
4.114618 0.075334
4.114618 0.075418
4.257453 0.075251
4.257453 0.075335
4.257620 0.075252
4.257620 0.075336
4.257788 0.075252
4.257788 0.075336
4.257989 0.075252
4.257989 0.075336
4.259538 0.075251
4.259538 0.075418
4.259789 0.075335
4.259789 0.075418
4.260070 0.075252
4.260070 0.075419
4.260321 0.075335
4.260321 0.075419
4.260489 0.075334
4.260489 0.075418
4.260760 0.075251
4.260760 0.075418
4.261010 0.075335
4.261010 0.075419
4.261178 0.075335
4.261178 0.075419
4.261512 0.075335
4.261512 0.075419
4.261680 0.075335
4.261680 0.075418
4.262014 0.075335
4.262014 0.075418
4.262182 0.075334
4.262182 0.075418
4.262366 0.075318
4.262366 0.075402
4.262700 0.075318
4.262700 0.075402
4.262868 0.075318
4.262868 0.075402
4.263036 0.075317
4.263036 0.075401
4.263203 0.075335
4.263203 0.075419
4.263371 0.075335
4.263371 0.075418
4.263539 0.075334
4.263539 0.075418
4.263706 0.075335
4.263706 0.075419
4.263874 0.075335
4.263874 0.075418
4.264042 0.075334
4.264042 0.075418
4.264209 0.075335
4.264209 0.075419
4.264377 0.075335
4.264377 0.075419
4.264545 0.075334
4.264545 0.075418
4.264712 0.075335
4.264712 0.075419
4.264880 0.075335
4.264880 0.075419
4.265048 0.075334
4.265048 0.075418
4.407800 0.075251
4.407800 0.075335
4.407967 0.075252
4.407967 0.075336
4.408135 0.075252
4.408135 0.075335
4.408336 0.075252
4.408336 0.075336
4.409968 0.075252
4.409968 0.075419
4.410219 0.075335
4.410219 0.075418
4.410500 0.075252
4.410500 0.075419
4.410751 0.075335
4.410751 0.075419
4.410919 0.075334
4.410919 0.075418
4.411190 0.075251
4.411190 0.075418
4.411440 0.075335
4.411440 0.075419
4.411608 0.075335
4.411608 0.075419
4.411942 0.075335
4.411942 0.075419
4.412110 0.075335
4.412110 0.075418
4.412444 0.075335
4.412444 0.075419
4.412612 0.075334
4.412612 0.075418
4.412779 0.075335
4.412779 0.075419
4.413113 0.075335
4.413113 0.075419
4.413281 0.075335
4.413281 0.075419
4.413449 0.075335
4.413449 0.075418
4.413633 0.075318
4.413633 0.075402
4.413801 0.075318
4.413801 0.075402
4.413969 0.075318
4.413969 0.075401
4.414136 0.075318
4.414136 0.075402
4.414304 0.075318
4.414304 0.075419
4.414472 0.075334
4.414472 0.075418
4.414639 0.075335
4.414639 0.075419
4.414807 0.075335
4.414807 0.075419
4.414975 0.075334
4.414975 0.075418
4.415142 0.075335
4.415142 0.075419
4.415310 0.075335
4.415310 0.075419
4.415478 0.075334
4.415478 0.075418
4.558147 0.075251
4.558147 0.075335
4.558314 0.075252
4.558314 0.075336
4.558482 0.075251
4.558482 0.075335
4.558683 0.075252
4.558683 0.075336
4.560398 0.075252
4.560398 0.075419
4.560649 0.075335
4.560649 0.075419
4.560930 0.075252
4.560930 0.075419
4.561181 0.075335
4.561181 0.075419
4.561349 0.075335
4.561349 0.075418
4.561620 0.075251
4.561620 0.075418
4.561871 0.075334
4.561871 0.075418
4.562038 0.075335
4.562038 0.075419
4.562372 0.075335
4.562372 0.075419
4.562540 0.075335
4.562540 0.075419
4.562874 0.075335
4.562874 0.075419
4.563042 0.075334
4.563042 0.075418
4.563209 0.075335
4.563209 0.075419
4.563544 0.075334
4.563544 0.075418
4.563711 0.075335
4.563711 0.075419
4.563879 0.075335
4.563879 0.075418
4.564047 0.075334
4.564047 0.075418
4.564214 0.075335
4.564214 0.075419
4.564382 0.075335
4.564382 0.075418
4.564550 0.075334
4.564550 0.075418
4.564734 0.075318
4.564734 0.075402
4.564902 0.075318
4.564902 0.075402
4.565069 0.075318
4.565069 0.075402
4.565237 0.075318
4.565237 0.075402
4.565405 0.075318
4.565405 0.075402
4.565572 0.075335
4.565572 0.075419
4.565740 0.075335
4.565740 0.075419
4.565908 0.075335
4.565908 0.075418
4.708493 0.075252
4.708493 0.075336
4.708661 0.075252
4.708661 0.075335
4.708829 0.075251
4.708829 0.075335
4.709030 0.075252
4.709030 0.075335
4.710828 0.075252
4.710828 0.075419
4.711079 0.075335
4.711079 0.075419
4.711360 0.075252
4.711360 0.075419
4.711611 0.075335
4.711611 0.075419
4.711779 0.075335
4.711779 0.075418
4.712050 0.075251
4.712050 0.075418
4.712301 0.075334
4.712301 0.075418
4.712468 0.075335
4.712468 0.075419
4.712802 0.075335
4.712802 0.075419
4.712970 0.075335
4.712970 0.075419
4.713304 0.075335
4.713304 0.075419
4.713472 0.075335
4.713472 0.075418
4.713640 0.075334
4.713640 0.075418
4.713974 0.075334
4.713974 0.075418
4.714141 0.075335
4.714141 0.075419
4.714309 0.075335
4.714309 0.075419
4.714477 0.075334
4.714477 0.075418
4.714644 0.075335
4.714644 0.075419
4.714812 0.075335
4.714812 0.075419
4.714980 0.075334
4.714980 0.075418
4.715147 0.075335
4.715147 0.075419
4.715315 0.075335
4.715315 0.075419
4.715483 0.075334
4.715483 0.075418
4.715650 0.075335
4.715650 0.075419
4.715818 0.075335
4.715818 0.075419
4.716003 0.075317
4.716003 0.075401
4.716170 0.075318
4.716170 0.075402
4.716338 0.075318
4.716338 0.075402
4.858840 0.075252
4.858840 0.075336
4.859008 0.075252
4.859008 0.075335
4.859176 0.075251
4.859176 0.075335
4.859377 0.075251
4.859377 0.075335
4.861258 0.075252
4.861258 0.075419
4.861509 0.075335
4.861509 0.075419
4.861790 0.075252
4.861790 0.075419
4.862041 0.075335
4.862041 0.075419
4.862209 0.075335
4.862209 0.075419
4.862480 0.075251
4.862480 0.075418
4.862731 0.075334
4.862731 0.075418
4.862898 0.075335
4.862898 0.075419
4.863232 0.075335
4.863232 0.075419
4.863400 0.075335
4.863400 0.075419
4.863734 0.075335
4.863734 0.075419
4.863902 0.075335
4.863902 0.075418
4.864070 0.075334
4.864070 0.075418
4.864404 0.075334
4.864404 0.075418
4.864571 0.075335
4.864571 0.075419
4.864739 0.075335
4.864739 0.075419
4.864907 0.075334
4.864907 0.075418
4.865074 0.075335
4.865074 0.075419
4.865242 0.075335
4.865242 0.075419
4.865410 0.075334
4.865410 0.075418
4.865577 0.075335
4.865577 0.075419
4.865745 0.075335
4.865745 0.075419
4.865913 0.075335
4.865913 0.075418
4.866080 0.075335
4.866080 0.075419
4.866248 0.075335
4.866248 0.075419
4.866416 0.075335
4.866416 0.075418
4.866584 0.075334
4.866584 0.075418
4.866751 0.075335
4.866751 0.075419
5.009187 0.075252
5.009187 0.075336
5.009355 0.075251
5.009355 0.075335
5.009523 0.075251
5.009523 0.075335
5.009724 0.075251
5.009724 0.075335
5.011688 0.075252
5.011688 0.075419
5.011939 0.075335
5.011939 0.075419
5.012220 0.075252
5.012220 0.075419
5.012471 0.075335
5.012471 0.075419
5.012639 0.075335
5.012639 0.075419
5.012910 0.075251
5.012910 0.075418
5.013161 0.075335
5.013161 0.075418
5.013328 0.075335
5.013328 0.075419
5.013663 0.075334
5.013663 0.075418
5.013830 0.075335
5.013830 0.075419
5.014164 0.075335
5.014164 0.075419
5.014332 0.075335
5.014332 0.075419
5.014500 0.075334
5.014500 0.075418
5.014834 0.075334
5.014834 0.075418
5.015001 0.075335
5.015001 0.075419
5.015169 0.075335
5.015169 0.075419
5.015337 0.075335
5.015337 0.075418
5.015504 0.075335
5.015504 0.075419
5.015672 0.075335
5.015672 0.075419
5.015840 0.075335
5.015840 0.075418
5.016008 0.075334
5.016008 0.075418
5.016175 0.075335
5.016175 0.075419
5.016343 0.075335
5.016343 0.075418
5.016511 0.075334
5.016511 0.075418
5.016678 0.075335
5.016678 0.075419
5.016846 0.075335
5.016846 0.075418
5.017014 0.075334
5.017014 0.075418
5.017181 0.075335
5.017181 0.075419
5.159534 0.075252
5.159534 0.075335
5.159702 0.075251
5.159702 0.075335
5.159869 0.075252
5.159869 0.075336
5.160071 0.075251
5.160071 0.075335
5.162118 0.075252
5.162118 0.075419
5.162369 0.075335
5.162369 0.075419
5.162651 0.075251
5.162651 0.075418
5.162901 0.075335
5.162901 0.075419
5.163069 0.075335
5.163069 0.075419
5.163340 0.075252
5.163340 0.075419
5.163591 0.075335
5.163591 0.075418
5.163759 0.075334
5.163759 0.075418
5.164093 0.075334
5.164093 0.075418
5.164260 0.075335
5.164260 0.075419
5.164594 0.075335
5.164594 0.075419
5.164762 0.075335
5.164762 0.075419
5.164930 0.075334
5.164930 0.075418
5.165264 0.075335
5.165264 0.075418
5.165432 0.075334
5.165432 0.075418
5.165599 0.075335
5.165599 0.075419
5.165767 0.075335
5.165767 0.075418
5.165935 0.075334
5.165935 0.075418
5.166102 0.075335
5.166102 0.075419
5.166270 0.075335
5.166270 0.075418
5.166438 0.075334
5.166438 0.075418
5.166605 0.075335
5.166605 0.075419
5.166773 0.075335
5.166773 0.075419
5.166941 0.075334
5.166941 0.075418
5.167108 0.075335
5.167108 0.075419
5.167276 0.075335
5.167276 0.075419
5.167444 0.075334
5.167444 0.075418
5.167611 0.075335
5.167611 0.075419
5.309881 0.075251
5.309881 0.075335
5.310049 0.075251
5.310049 0.075335
5.310216 0.075252
5.310216 0.075336
5.310418 0.075251
5.310418 0.075335
5.312548 0.075252
5.312548 0.075419
5.312799 0.075335
5.312799 0.075419
5.313081 0.075251
5.313081 0.075435
5.313332 0.075351
5.313332 0.075435
5.313499 0.075352
5.313499 0.075436
5.313770 0.075252
5.313770 0.075419
5.314021 0.075335
5.314021 0.075419
5.314189 0.075334
5.314189 0.075418
5.314523 0.075334
5.314523 0.075418
5.314690 0.075335
5.314690 0.075419
5.315024 0.075335
5.315024 0.075419
5.315192 0.075335
5.315192 0.075419
5.315360 0.075335
5.315360 0.075418
5.315694 0.075335
5.315694 0.075418
5.315862 0.075334
5.315862 0.075418
5.316029 0.075335
5.316029 0.075419
5.316197 0.075335
5.316197 0.075419
5.316365 0.075334
5.316365 0.075418
5.316532 0.075335
5.316532 0.075419
5.316700 0.075335
5.316700 0.075419
5.316868 0.075334
5.316868 0.075418
5.317035 0.075335
5.317035 0.075419
5.317203 0.075335
5.317203 0.075419
5.317371 0.075334
5.317371 0.075418
5.317538 0.075335
5.317538 0.075419
5.317706 0.075335
5.317706 0.075419
5.317874 0.075334
5.317874 0.075418
5.318041 0.075335
5.318041 0.075419
5.460228 0.075251
5.460228 0.075335
5.460396 0.075251
5.460396 0.075335
5.460563 0.075252
5.460563 0.075336
5.460764 0.075252
5.460764 0.075336
5.462979 0.075251
5.462979 0.075418
5.463229 0.075335
5.463229 0.075419
5.463528 0.075251
5.463528 0.075418
5.463778 0.075335
5.463778 0.075419
5.463946 0.075335
5.463946 0.075419
5.464200 0.075252
5.464200 0.075419
5.464451 0.075352
5.464451 0.075435
5.464619 0.075351
5.464619 0.075435
5.464953 0.075351
5.464953 0.075435
5.465120 0.075352
5.465120 0.075436
5.465455 0.075351
5.465455 0.075435
5.465622 0.075352
5.465622 0.075436
5.465790 0.075351
5.465790 0.075435
5.466124 0.075352
5.466124 0.075435
5.466292 0.075351
5.466292 0.075435
5.466459 0.075352
5.466459 0.075436
5.466627 0.075352
5.466627 0.075435
5.466795 0.075351
5.466795 0.075435
5.466962 0.075352
5.466962 0.075436
5.467130 0.075352
5.467130 0.075435
5.467298 0.075351
5.467298 0.075435
5.467465 0.075352
5.467465 0.075436
5.467633 0.075352
5.467633 0.075435
5.467801 0.075351
5.467801 0.075435
5.467968 0.075352
5.467968 0.075436
5.468136 0.075352
5.468136 0.075436
5.468304 0.075351
5.468304 0.075435
5.468472 0.075351
5.468472 0.075435
5.610575 0.075251
5.610575 0.075335
5.610742 0.075252
5.610742 0.075336
5.610910 0.075252
5.610910 0.075335
5.611111 0.075252
5.611111 0.075336
5.613409 0.075251
5.613409 0.075418
5.613660 0.075334
5.613660 0.075418
5.613958 0.075251
5.613958 0.075418
5.614208 0.075335
5.614208 0.075419
5.614376 0.075335
5.614376 0.075419
5.614630 0.075252
5.614630 0.075336
5.614898 0.075318
5.614898 0.075402
5.615066 0.075318
5.615066 0.075401
5.615400 0.075318
5.615400 0.075401
5.615567 0.075335
5.615567 0.075419
5.615901 0.075335
5.615901 0.075419
5.616069 0.075335
5.616069 0.075419
5.616237 0.075335
5.616237 0.075418
5.616571 0.075335
5.616571 0.075418
5.616739 0.075334
5.616739 0.075418
5.616906 0.075335
5.616906 0.075419
5.617074 0.075335
5.617074 0.075418
5.617242 0.075334
5.617242 0.075418
5.617409 0.075335
5.617409 0.075419
5.617577 0.075335
5.617577 0.075419
5.617745 0.075334
5.617745 0.075418
5.617912 0.075335
5.617912 0.075419
5.618080 0.075335
5.618080 0.075419
5.618248 0.075334
5.618248 0.075418
5.618415 0.075335
5.618415 0.075419
5.618583 0.075335
5.618583 0.075419
5.618751 0.075334
5.618751 0.075418
5.618918 0.075335
5.618918 0.075419
5.760922 0.075251
5.760922 0.075335
5.761089 0.075252
5.761089 0.075336
5.761257 0.075251
5.761257 0.075335
5.761458 0.075252
5.761458 0.075336
5.763839 0.075251
5.763839 0.075418
5.764090 0.075334
5.764090 0.075418
5.764388 0.075251
5.764388 0.075418
5.764639 0.075334
5.764639 0.075418
5.764806 0.075335
5.764806 0.075419
5.764977 0.075332
5.764977 0.075415
5.765311 0.075332
5.765311 0.075416
5.765479 0.075331
5.765479 0.075415
5.765813 0.075331
5.765813 0.075415
5.765997 0.075315
5.765997 0.075399
5.766332 0.075314
5.766332 0.075398
5.766499 0.075315
5.766499 0.075399
5.766667 0.075315
5.766667 0.075415
5.767001 0.075331
5.767001 0.075415
5.767169 0.075331
5.767169 0.075415
5.767336 0.075332
5.767336 0.075416
5.767504 0.075332
5.767504 0.075415
5.767672 0.075331
5.767672 0.075415
5.767839 0.075332
5.767839 0.075416
5.768007 0.075332
5.768007 0.075415
5.768175 0.075331
5.768175 0.075415
5.768342 0.075332
5.768342 0.075416
5.768510 0.075332
5.768510 0.075415
5.768678 0.075331
5.768678 0.075415
5.768845 0.075332
5.768845 0.075416
5.769013 0.075332
5.769013 0.075415
5.769181 0.075331
5.769181 0.075415
5.769348 0.075332
5.769348 0.075416
5.911268 0.075252
5.911268 0.075336
5.911436 0.075252
5.911436 0.075336
5.911604 0.075251
5.911604 0.075335
5.911805 0.075252
5.911805 0.075335
5.914269 0.075251
5.914269 0.075418
5.914520 0.075334
5.914520 0.075418
5.914818 0.075251
5.914818 0.075418
5.915069 0.075334
5.915069 0.075418
5.915236 0.075335
5.915236 0.075419
5.915404 0.075335
5.915404 0.075419
5.915738 0.075335
5.915738 0.075419
5.915906 0.075334
5.915906 0.075418
5.916240 0.075335
5.916240 0.075418
5.916408 0.075334
5.916408 0.075418
5.916742 0.075334
5.916742 0.075418
5.916909 0.075335
5.916909 0.075419
5.917094 0.075318
5.917094 0.075402
5.917428 0.075318
5.917428 0.075402
5.917596 0.075317
5.917596 0.075401
5.917763 0.075318
5.917763 0.075402
5.917931 0.075318
5.917931 0.075418
5.918099 0.075334
5.918099 0.075418
5.918266 0.075335
5.918266 0.075419
5.918434 0.075335
5.918434 0.075418
5.918602 0.075334
5.918602 0.075418
5.918769 0.075335
5.918769 0.075419
5.918937 0.075335
5.918937 0.075419
5.919105 0.075334
5.919105 0.075418
5.919272 0.075335
5.919272 0.075419
5.919440 0.075335
5.919440 0.075419
5.919608 0.075334
5.919608 0.075418
5.919775 0.075335
5.919775 0.075419
6.061615 0.075252
6.061615 0.075336
6.061783 0.075252
6.061783 0.075335
6.061951 0.075251
6.061951 0.075335
6.062152 0.075252
6.062152 0.075335
6.064699 0.075251
6.064699 0.075418
6.064950 0.075334
6.064950 0.075418
6.065248 0.075251
6.065248 0.075418
6.065499 0.075334
6.065499 0.075418
6.065666 0.075335
6.065666 0.075419
6.065834 0.075335
6.065834 0.075419
6.066168 0.075335
6.066168 0.075419
6.066336 0.075335
6.066336 0.075418
6.066670 0.075335
6.066670 0.075418
6.066838 0.075334
6.066838 0.075418
6.067172 0.075334
6.067172 0.075418
6.067339 0.075335
6.067339 0.075419
6.067507 0.075335
6.067507 0.075419
6.067841 0.075335
6.067841 0.075419
6.068009 0.075335
6.068009 0.075418
6.068176 0.075335
6.068176 0.075419
6.068361 0.075318
6.068361 0.075402
6.068529 0.075318
6.068529 0.075401
6.068696 0.075318
6.068696 0.075402
6.068864 0.075318
6.068864 0.075402
6.069032 0.075318
6.069032 0.075401
6.069199 0.075335
6.069199 0.075419
6.069367 0.075335
6.069367 0.075419
6.069535 0.075334
6.069535 0.075418
6.069702 0.075335
6.069702 0.075419
6.069870 0.075335
6.069870 0.075419
6.070038 0.075334
6.070038 0.075418
6.070205 0.075335
6.070205 0.075419
6.211962 0.075252
6.211962 0.075336
6.212130 0.075251
6.212130 0.075335
6.212298 0.075251
6.212298 0.075335
6.212499 0.075251
6.212499 0.075335
6.215129 0.075251
6.215129 0.075419
6.215380 0.075335
6.215380 0.075418
6.215678 0.075251
6.215678 0.075418
6.215929 0.075335
6.215929 0.075418
6.216096 0.075335
6.216096 0.075419
6.216264 0.075335
6.216264 0.075419
6.216598 0.075335
6.216598 0.075419
6.216766 0.075335
6.216766 0.075418
6.217100 0.075335
6.217100 0.075419
6.217268 0.075334
6.217268 0.075418
6.217602 0.075334
6.217602 0.075418
6.217769 0.075335
6.217769 0.075419
6.217937 0.075335
6.217937 0.075419
6.218271 0.075335
6.218271 0.075419
6.218439 0.075335
6.218439 0.075418
6.218607 0.075334
6.218607 0.075418
6.218774 0.075335
6.218774 0.075419
6.218942 0.075335
6.218942 0.075418
6.219110 0.075334
6.219110 0.075418
6.219277 0.075335
6.219277 0.075419
6.219445 0.075335
6.219445 0.075419
6.219629 0.075318
6.219629 0.075402
6.219797 0.075318
6.219797 0.075402
6.219965 0.075318
6.219965 0.075402
6.220132 0.075318
6.220132 0.075402
6.220300 0.075318
6.220300 0.075419
6.220468 0.075335
6.220468 0.075418
6.220636 0.075334
6.220636 0.075418
6.362309 0.075252
6.362309 0.075335
6.362477 0.075251
6.362477 0.075335
6.362644 0.075252
6.362644 0.075336
6.362846 0.075251
6.362846 0.075335
6.365559 0.075252
6.365559 0.075419
6.365810 0.075335
6.365810 0.075418
6.366108 0.075252
6.366108 0.075419
6.366359 0.075335
6.366359 0.075418
6.366527 0.075334
6.366527 0.075418
6.366694 0.075335
6.366694 0.075419
6.367028 0.075335
6.367028 0.075419
6.367196 0.075335
6.367196 0.075419
6.367530 0.075335
6.367530 0.075419
6.367698 0.075334
6.367698 0.075418
6.368032 0.075335
6.368032 0.075418
6.368200 0.075334
6.368200 0.075418
6.368367 0.075335
6.368367 0.075419
6.368701 0.075335
6.368701 0.075419
6.368869 0.075335
6.368869 0.075419
6.369037 0.075334
6.369037 0.075418
6.369204 0.075335
6.369204 0.075419
6.369372 0.075335
6.369372 0.075419
6.369540 0.075334
6.369540 0.075418
6.369707 0.075335
6.369707 0.075419
6.369875 0.075335
6.369875 0.075419
6.370043 0.075334
6.370043 0.075418
6.370210 0.075335
6.370210 0.075419
6.370378 0.075335
6.370378 0.075419
6.370546 0.075334
6.370546 0.075418
6.370730 0.075318
6.370730 0.075402
6.370898 0.075318
6.370898 0.075402
6.371066 0.075318
6.371066 0.075401
6.512656 0.075252
6.512656 0.075335
6.512824 0.075251
6.512824 0.075335
6.512991 0.075252
6.512991 0.075336
6.513193 0.075251
6.513193 0.075335
6.515989 0.075252
6.515989 0.075419
6.516240 0.075335
6.516240 0.075419
6.516538 0.075252
6.516538 0.075419
6.516789 0.075335
6.516789 0.075419
6.516957 0.075334
6.516957 0.075418
6.517124 0.075335
6.517124 0.075419
6.517458 0.075335
6.517458 0.075419
6.517626 0.075335
6.517626 0.075419
6.517960 0.075335
6.517960 0.075419
6.518128 0.075335
6.518128 0.075418
6.518462 0.075335
6.518462 0.075418
6.518630 0.075334
6.518630 0.075418
6.518797 0.075335
6.518797 0.075419
6.519131 0.075335
6.519131 0.075419
6.519299 0.075335
6.519299 0.075419
6.519467 0.075334
6.519467 0.075418
6.519634 0.075335
6.519634 0.075419
6.519802 0.075335
6.519802 0.075419
6.519970 0.075334
6.519970 0.075418
6.520137 0.075335
6.520137 0.075419
6.520305 0.075335
6.520305 0.075419
6.520473 0.075335
6.520473 0.075418
6.520640 0.075335
6.520640 0.075419
6.520808 0.075335
6.520808 0.075419
6.520976 0.075335
6.520976 0.075418
6.521144 0.075334
6.521144 0.075418
6.521311 0.075335
6.521311 0.075419
6.521479 0.075335
6.521479 0.075418
6.663003 0.075251
6.663003 0.075335
6.663171 0.075251
6.663171 0.075335
6.663338 0.075252
6.663338 0.075336
6.663540 0.075251
6.663540 0.075335
6.666419 0.075252
6.666419 0.075419
6.666670 0.075335
6.666670 0.075419
6.666968 0.075252
6.666968 0.075419
6.667219 0.075335
6.667219 0.075419
6.667387 0.075334
6.667387 0.075418
6.667554 0.075335
6.667554 0.075419
6.667888 0.075335
6.667888 0.075419
6.668056 0.075335
6.668056 0.075419
6.668390 0.075335
6.668390 0.075419
6.668558 0.075335
6.668558 0.075418
6.668892 0.075335
6.668892 0.075419
6.669060 0.075334
6.669060 0.075418
6.669227 0.075335
6.669227 0.075419
6.669561 0.075335
6.669561 0.075419
6.669729 0.075335
6.669729 0.075419
6.669897 0.075335
6.669897 0.075418
6.670064 0.075335
6.670064 0.075419
6.670232 0.075335
6.670232 0.075419
6.670400 0.075335
6.670400 0.075418
6.670568 0.075334
6.670568 0.075418
6.670735 0.075335
6.670735 0.075419
6.670903 0.075335
6.670903 0.075418
6.671071 0.075334
6.671071 0.075418
6.671238 0.075335
6.671238 0.075419
6.671406 0.075335
6.671406 0.075418
6.671574 0.075334
6.671574 0.075418
6.671741 0.075335
6.671741 0.075419
6.671909 0.075335
6.671909 0.075419
6.813350 0.075251
6.813350 0.075335
6.813517 0.075252
6.813517 0.075336
6.813685 0.075252
6.813685 0.075335
6.813886 0.075252
6.813886 0.075336
6.816849 0.075252
6.816849 0.075419
6.817100 0.075335
6.817100 0.075419
6.817398 0.075252
6.817398 0.075419
6.817649 0.075335
6.817649 0.075419
6.817817 0.075335
6.817817 0.075418
6.817984 0.075335
6.817984 0.075419
6.818319 0.075334
6.818319 0.075418
6.818486 0.075335
6.818486 0.075419
6.818820 0.075335
6.818820 0.075419
6.818988 0.075335
6.818988 0.075419
6.819322 0.075335
6.819322 0.075419
6.819490 0.075334
6.819490 0.075418
6.819657 0.075335
6.819657 0.075419
6.819992 0.075334
6.819992 0.075418
6.820159 0.075335
6.820159 0.075419
6.820327 0.075335
6.820327 0.075418
6.820495 0.075334
6.820495 0.075418
6.820662 0.075335
6.820662 0.075419
6.820830 0.075335
6.820830 0.075418
6.820998 0.075334
6.820998 0.075418
6.821165 0.075335
6.821165 0.075419
6.821333 0.075335
6.821333 0.075419
6.821501 0.075334
6.821501 0.075418
6.821668 0.075335
6.821668 0.075419
6.821836 0.075335
6.821836 0.075419
6.822004 0.075334
6.822004 0.075418
6.822171 0.075335
6.822171 0.075419
6.822339 0.075335
6.822339 0.075419
6.963697 0.075251
6.963697 0.075335
6.963864 0.075252
6.963864 0.075336
6.964032 0.075252
6.964032 0.075335
6.964233 0.075252
6.964233 0.075336
6.967279 0.075252
6.967279 0.075419
6.967530 0.075335
6.967530 0.075419
6.967828 0.075252
6.967828 0.075419
6.968079 0.075352
6.968079 0.075436
6.968247 0.075351
6.968247 0.075435
6.968415 0.075351
6.968415 0.075435
6.968749 0.075351
6.968749 0.075435
6.968916 0.075352
6.968916 0.075436
6.969250 0.075352
6.969250 0.075436
6.969418 0.075352
6.969418 0.075435
6.969752 0.075352
6.969752 0.075436
6.969920 0.075351
6.969920 0.075435
6.970088 0.075351
6.970088 0.075435
6.970422 0.075351
6.970422 0.075435
6.970589 0.075352
6.970589 0.075436
6.970757 0.075351
6.970757 0.075435
6.970925 0.075351
6.970925 0.075435
6.971092 0.075352
6.971092 0.075436
6.971260 0.075352
6.971260 0.075435
6.971428 0.075351
6.971428 0.075435
6.971595 0.075352
6.971595 0.075436
6.971763 0.075352
6.971763 0.075435
6.971931 0.075351
6.971931 0.075435
6.972098 0.075352
6.972098 0.075436
6.972266 0.075352
6.972266 0.075435
6.972434 0.075351
6.972434 0.075435
6.972601 0.075352
6.972601 0.075436
6.972769 0.075352
6.972769 0.075435
7.114044 0.075251
7.114044 0.075335
7.114211 0.075252
7.114211 0.075336
7.114379 0.075251
7.114379 0.075335
7.114580 0.075252
7.114580 0.075336
7.117709 0.075252
7.117709 0.075419
7.117960 0.075335
7.117960 0.075419
7.118258 0.075252
7.118258 0.075336
7.118526 0.075318
7.118526 0.075402
7.118694 0.075318
7.118694 0.075402
7.118861 0.075318
7.118861 0.075402
7.119196 0.075334
7.119196 0.075418
7.119363 0.075335
7.119363 0.075419
7.119697 0.075335
7.119697 0.075419
7.119865 0.075335
7.119865 0.075419
7.120199 0.075335
7.120199 0.075419
7.120367 0.075334
7.120367 0.075418
7.120534 0.075335
7.120534 0.075419
7.120868 0.075335
7.120868 0.075419
7.121036 0.075335
7.121036 0.075419
7.121204 0.075335
7.121204 0.075418
7.121372 0.075334
7.121372 0.075418
7.121539 0.075335
7.121539 0.075419
7.121707 0.075335
7.121707 0.075418
7.121875 0.075334
7.121875 0.075418
7.122042 0.075335
7.122042 0.075419
7.122210 0.075335
7.122210 0.075418
7.122378 0.075334
7.122378 0.075418
7.122545 0.075335
7.122545 0.075419
7.122713 0.075335
7.122713 0.075419
7.122881 0.075334
7.122881 0.075418
7.123048 0.075335
7.123048 0.075419
7.123216 0.075335
7.123216 0.075419
7.264390 0.075252
7.264390 0.075336
7.264558 0.075252
7.264558 0.075335
7.264726 0.075251
7.264726 0.075335
7.264927 0.075252
7.264927 0.075335
7.268140 0.075251
7.268140 0.075418
7.268390 0.075335
7.268390 0.075419
7.268605 0.075288
7.268605 0.075372
7.268939 0.075288
7.268939 0.075372
7.269107 0.075288
7.269107 0.075371
7.269275 0.075287
7.269275 0.075371
7.269626 0.075270
7.269626 0.075354
7.269793 0.075271
7.269793 0.075355
7.270127 0.075271
7.270127 0.075355
7.270295 0.075271
7.270295 0.075371
7.270629 0.075288
7.270629 0.075371
7.270797 0.075287
7.270797 0.075371
7.270964 0.075288
7.270964 0.075372
7.271299 0.075287
7.271299 0.075371
7.271466 0.075288
7.271466 0.075372
7.271634 0.075287
7.271634 0.075371
7.271802 0.075287
7.271802 0.075371
7.271969 0.075288
7.271969 0.075372
7.272137 0.075287
7.272137 0.075371
7.272305 0.075287
7.272305 0.075371
7.272472 0.075288
7.272472 0.075372
7.272640 0.075288
7.272640 0.075371
7.272808 0.075287
7.272808 0.075371
7.272975 0.075288
7.272975 0.075372
7.273143 0.075288
7.273143 0.075371
7.273311 0.075287
7.273311 0.075371
7.273478 0.075288
7.273478 0.075372
7.273646 0.075288
7.273646 0.075371
7.414737 0.075252
7.414737 0.075336
7.414905 0.075251
7.414905 0.075335
7.415073 0.075251
7.415073 0.075335
7.415274 0.075251
7.415274 0.075335
7.418570 0.075251
7.418570 0.075418
7.418820 0.075335
7.418820 0.075419
7.418988 0.075335
7.418988 0.075419
7.419322 0.075335
7.419322 0.075419
7.419490 0.075335
7.419490 0.075418
7.419658 0.075334
7.419658 0.075418
7.419992 0.075334
7.419992 0.075418
7.420159 0.075335
7.420159 0.075419
7.420493 0.075335
7.420493 0.075419
7.420678 0.075318
7.420678 0.075402
7.421012 0.075318
7.421012 0.075402
7.421180 0.075318
7.421180 0.075401
7.421347 0.075318
7.421347 0.075402
7.421681 0.075335
7.421681 0.075419
7.421849 0.075335
7.421849 0.075419
7.422017 0.075335
7.422017 0.075418
7.422184 0.075335
7.422184 0.075419
7.422352 0.075335
7.422352 0.075419
7.422520 0.075335
7.422520 0.075418
7.422688 0.075334
7.422688 0.075418
7.422855 0.075335
7.422855 0.075419
7.423023 0.075335
7.423023 0.075418
7.423191 0.075334
7.423191 0.075418
7.423358 0.075335
7.423358 0.075419
7.423526 0.075335
7.423526 0.075418
7.423694 0.075334
7.423694 0.075418
7.423861 0.075335
7.423861 0.075419
7.424029 0.075335
7.424029 0.075419
7.565084 0.075252
7.565084 0.075336
7.565252 0.075251
7.565252 0.075335
7.565420 0.075251
7.565420 0.075335
7.565621 0.075251
7.565621 0.075335
7.569000 0.075251
7.569000 0.075335
7.569251 0.075251
7.569251 0.075335
7.569418 0.075252
7.569418 0.075336
7.569752 0.075252
7.569752 0.075336
7.569920 0.075252
7.569920 0.075335
7.570088 0.075251
7.570088 0.075335
7.570422 0.075251
7.570422 0.075335
7.570589 0.075252
7.570589 0.075336
7.570924 0.075251
7.570924 0.075335
7.571091 0.075252
7.571091 0.075336
7.571425 0.075252
7.571425 0.075336
7.571593 0.075251
7.571593 0.075335
7.571761 0.075251
7.571761 0.075335
7.572112 0.075251
7.572112 0.075335
7.572279 0.075252
7.572279 0.075336
7.572447 0.075251
7.572447 0.075335
7.572615 0.075251
7.572615 0.075335
7.572782 0.075252
7.572782 0.075336
7.572950 0.075251
7.572950 0.075335
7.573118 0.075251
7.573118 0.075335
7.573285 0.075252
7.573285 0.075336
7.573453 0.075251
7.573453 0.075335
7.573621 0.075251
7.573621 0.075335
7.573788 0.075252
7.573788 0.075336
7.573956 0.075252
7.573956 0.075335
7.574124 0.075251
7.574124 0.075335
7.574291 0.075252
7.574291 0.075336
7.574459 0.075252
7.574459 0.075335
7.715431 0.075252
7.715431 0.075335
7.715599 0.075251
7.715599 0.075335
7.715766 0.075252
7.715766 0.075336
7.715968 0.075251
7.715968 0.075335
7.719347 0.075251
7.719347 0.075335
7.719597 0.075252
7.719597 0.075336
7.719765 0.075252
7.719765 0.075335
7.720099 0.075252
7.720099 0.075336
7.720267 0.075251
7.720267 0.075335
7.720435 0.075251
7.720435 0.075335
7.720769 0.075251
7.720769 0.075335
7.720936 0.075252
7.720936 0.075336
7.721270 0.075252
7.721270 0.075336
7.721438 0.075252
7.721438 0.075335
7.721772 0.075252
7.721772 0.075336
7.721940 0.075251
7.721940 0.075335
7.722108 0.075251
7.722108 0.075335
7.722458 0.075252
7.722458 0.075336
7.722626 0.075252
7.722626 0.075335
7.722794 0.075251
7.722794 0.075335
7.722961 0.075252
7.722961 0.075336
7.723129 0.075252
7.723129 0.075335
7.723297 0.075251
7.723297 0.075335
7.723464 0.075252
7.723464 0.075336
7.723632 0.075252
7.723632 0.075336
7.723800 0.075251
7.723800 0.075335
7.723968 0.075251
7.723968 0.075335
7.724135 0.075252
7.724135 0.075336
7.724303 0.075251
7.724303 0.075335
7.724471 0.075251
7.724471 0.075335
7.724638 0.075252
7.724638 0.075336
7.724806 0.075251
7.724806 0.075335
7.865778 0.075251
7.865778 0.075335
7.865946 0.075251
7.865946 0.075335
7.866113 0.075252
7.866113 0.075336
7.866315 0.075251
7.866315 0.075335
7.869693 0.075252
7.869693 0.075336
7.869944 0.075252
7.869944 0.075336
7.870112 0.075252
7.870112 0.075335
7.870446 0.075252
7.870446 0.075335
7.870614 0.075251
7.870614 0.075335
7.870781 0.075252
7.870781 0.075336
7.871116 0.075251
7.871116 0.075335
7.871283 0.075252
7.871283 0.075336
7.871617 0.075252
7.871617 0.075336
7.871785 0.075251
7.871785 0.075335
7.872119 0.075252
7.872119 0.075335
7.872287 0.075251
7.872287 0.075335
7.872454 0.075252
7.872454 0.075336
7.872805 0.075252
7.872805 0.075336
7.872973 0.075251
7.872973 0.075335
7.873141 0.075251
7.873141 0.075335
7.873308 0.075252
7.873308 0.075336
7.873476 0.075252
7.873476 0.075335
7.873644 0.075251
7.873644 0.075335
7.873811 0.075252
7.873811 0.075336
7.873979 0.075252
7.873979 0.075335
7.874147 0.075251
7.874147 0.075335
7.874314 0.075252
7.874314 0.075336
7.874482 0.075252
7.874482 0.075335
7.874650 0.075251
7.874650 0.075335
7.874817 0.075252
7.874817 0.075336
7.874985 0.075252
7.874985 0.075335
7.875153 0.075251
7.875153 0.075335
8.016125 0.075251
8.016125 0.075335
8.016292 0.075252
8.016292 0.075336
8.016460 0.075252
8.016460 0.075336
8.016661 0.075252
8.016661 0.075336
8.020040 0.075252
8.020040 0.075336
8.020291 0.075252
8.020291 0.075336
8.020459 0.075251
8.020459 0.075335
8.020793 0.075251
8.020793 0.075335
8.020961 0.075251
8.020961 0.075335
8.021128 0.075252
8.021128 0.075336
8.021462 0.075252
8.021462 0.075336
8.021630 0.075252
8.021630 0.075335
8.021964 0.075252
8.021964 0.075336
8.022132 0.075251
8.022132 0.075335
8.022466 0.075251
8.022466 0.075335
8.022634 0.075251
8.022634 0.075335
8.022801 0.075252
8.022801 0.075336
8.023152 0.075252
8.023152 0.075336
8.023320 0.075251
8.023320 0.075335
8.023488 0.075251
8.023488 0.075335
8.023655 0.075252
8.023655 0.075336
8.023823 0.075251
8.023823 0.075335
8.023991 0.075251
8.023991 0.075335
8.024158 0.075252
8.024158 0.075336
8.024326 0.075251
8.024326 0.075335
8.024494 0.075251
8.024494 0.075335
8.024661 0.075252
8.024661 0.075336
8.024829 0.075251
8.024829 0.075335
8.024997 0.075251
8.024997 0.075335
8.025164 0.075252
8.025164 0.075336
8.025332 0.075252
8.025332 0.075335
8.025500 0.075251
8.025500 0.075335
8.166472 0.075251
8.166472 0.075335
8.166639 0.075252
8.166639 0.075336
8.166807 0.075252
8.166807 0.075335
8.167008 0.075252
8.167008 0.075336
8.170387 0.075252
8.170387 0.075336
8.170638 0.075252
8.170638 0.075335
8.170806 0.075251
8.170806 0.075335
8.171140 0.075251
8.171140 0.075335
8.171308 0.075251
8.171308 0.075335
8.171475 0.075252
8.171475 0.075336
8.171809 0.075252
8.171809 0.075336
8.171977 0.075251
8.171977 0.075335
8.172311 0.075252
8.172311 0.075335
8.172479 0.075251
8.172479 0.075335
8.172813 0.075251
8.172813 0.075335
8.172980 0.075252
8.172980 0.075336
8.173148 0.075252
8.173148 0.075336
8.173499 0.075252
8.173499 0.075335
8.173667 0.075251
8.173667 0.075335
8.173834 0.075252
8.173834 0.075336
8.174002 0.075252
8.174002 0.075335
8.174170 0.075251
8.174170 0.075335
8.174337 0.075252
8.174337 0.075336
8.174505 0.075252
8.174505 0.075335
8.174673 0.075251
8.174673 0.075335
8.174840 0.075252
8.174840 0.075336
8.175008 0.075252
8.175008 0.075336
8.175176 0.075251
8.175176 0.075335
8.175344 0.075251
8.175344 0.075335
8.175511 0.075252
8.175511 0.075336
8.175679 0.075251
8.175679 0.075335
8.175847 0.075251
8.175847 0.075335
8.316819 0.075251
8.316819 0.075335
8.316986 0.075252
8.316986 0.075336
8.317154 0.075251
8.317154 0.075335
8.317355 0.075252
8.317355 0.075336
8.320734 0.075252
8.320734 0.075335
8.320985 0.075251
8.320985 0.075335
8.321153 0.075251
8.321153 0.075335
8.321487 0.075251
8.321487 0.075335
8.321654 0.075252
8.321654 0.075336
8.321822 0.075252
8.321822 0.075335
8.322156 0.075252
8.322156 0.075336
8.322324 0.075251
8.322324 0.075335
8.322658 0.075251
8.322658 0.075335
8.322826 0.075251
8.322826 0.075335
8.323160 0.075251
8.323160 0.075335
8.323327 0.075252
8.323327 0.075336
8.323495 0.075252
8.323495 0.075335
8.323846 0.075251
8.323846 0.075335
8.324014 0.075251
8.324014 0.075335
8.324181 0.075252
8.324181 0.075336
8.324349 0.075251
8.324349 0.075335
8.324517 0.075251
8.324517 0.075335
8.324684 0.075252
8.324684 0.075336
8.324852 0.075252
8.324852 0.075335
8.325020 0.075251
8.325020 0.075335
8.325187 0.075252
8.325187 0.075336
8.325355 0.075252
8.325355 0.075335
8.325523 0.075251
8.325523 0.075335
8.325690 0.075252
8.325690 0.075336
8.325858 0.075252
8.325858 0.075335
8.326026 0.075251
8.326026 0.075335
8.326193 0.075252
8.326193 0.075336
8.467165 0.075252
8.467165 0.075336
8.467333 0.075252
8.467333 0.075335
8.467501 0.075251
8.467501 0.075335
8.467702 0.075252
8.467702 0.075335
8.471081 0.075251
8.471081 0.075335
8.471332 0.075251
8.471332 0.075335
8.471500 0.075251
8.471500 0.075335
8.471834 0.075251
8.471834 0.075335
8.472001 0.075252
8.472001 0.075336
8.472169 0.075251
8.472169 0.075335
8.472503 0.075252
8.472503 0.075335
8.472671 0.075251
8.472671 0.075335
8.473005 0.075251
8.473005 0.075335
8.473172 0.075252
8.473172 0.075336
8.473507 0.075251
8.473507 0.075335
8.473674 0.075252
8.473674 0.075336
8.473842 0.075251
8.473842 0.075335
8.474193 0.075251
8.474193 0.075335
8.474360 0.075252
8.474360 0.075336
8.474528 0.075252
8.474528 0.075336
8.474696 0.075251
8.474696 0.075335
8.474864 0.075251
8.474864 0.075335
8.475031 0.075252
8.475031 0.075336
8.475199 0.075251
8.475199 0.075335
8.475367 0.075251
8.475367 0.075335
8.475534 0.075252
8.475534 0.075336
8.475702 0.075251
8.475702 0.075335
8.475870 0.075251
8.475870 0.075335
8.476037 0.075252
8.476037 0.075336
8.476205 0.075251
8.476205 0.075335
8.476373 0.075251
8.476373 0.075335
8.476540 0.075252
8.476540 0.075336
8.617512 0.075252
8.617512 0.075336
8.617680 0.075252
8.617680 0.075335
8.617848 0.075251
8.617848 0.075335
8.618049 0.075251
8.618049 0.075335
8.621428 0.075251
8.621428 0.075335
8.621679 0.075251
8.621679 0.075335
8.621846 0.075252
8.621846 0.075336
8.622180 0.075252
8.622180 0.075336
8.622348 0.075252
8.622348 0.075336
8.622516 0.075251
8.622516 0.075335
8.622850 0.075251
8.622850 0.075335
8.623018 0.075251
8.623018 0.075335
8.623352 0.075251
8.623352 0.075335
8.623519 0.075252
8.623519 0.075336
8.623853 0.075252
8.623853 0.075336
8.624021 0.075252
8.624021 0.075335
8.624189 0.075251
8.624189 0.075335
8.624540 0.075251
8.624540 0.075335
8.624707 0.075252
8.624707 0.075336
8.624875 0.075252
8.624875 0.075335
8.625043 0.075251
8.625043 0.075335
8.625210 0.075252
8.625210 0.075336
8.625378 0.075252
8.625378 0.075335
8.625546 0.075251
8.625546 0.075335
8.625713 0.075252
8.625713 0.075336
8.625881 0.075252
8.625881 0.075335
8.626049 0.075251
8.626049 0.075335
8.626216 0.075252
8.626216 0.075336
8.626384 0.075252
8.626384 0.075336
8.626552 0.075251
8.626552 0.075335
8.626720 0.075251
8.626720 0.075335
8.626887 0.075252
8.626887 0.075336
8.767859 0.075252
8.767859 0.075336
8.768027 0.075251
8.768027 0.075335
8.768195 0.075251
8.768195 0.075335
8.768396 0.075251
8.768396 0.075335
8.771775 0.075251
8.771775 0.075335
8.772026 0.075251
8.772026 0.075335
8.772193 0.075252
8.772193 0.075336
8.772527 0.075252
8.772527 0.075336
8.772695 0.075252
8.772695 0.075335
8.772863 0.075251
8.772863 0.075335
8.773197 0.075251
8.773197 0.075335
8.773364 0.075252
8.773364 0.075336
8.773699 0.075251
8.773699 0.075335
8.773866 0.075252
8.773866 0.075336
8.774200 0.075252
8.774200 0.075336
8.774368 0.075252
8.774368 0.075335
8.774536 0.075251
8.774536 0.075335
8.774887 0.075251
8.774887 0.075335
8.775054 0.075252
8.775054 0.075336
8.775222 0.075251
8.775222 0.075335
8.775390 0.075251
8.775390 0.075335
8.775557 0.075252
8.775557 0.075336
8.775725 0.075251
8.775725 0.075335
8.775893 0.075251
8.775893 0.075335
8.776060 0.075252
8.776060 0.075336
8.776228 0.075252
8.776228 0.075335
8.776396 0.075251
8.776396 0.075335
8.776563 0.075252
8.776563 0.075336
8.776731 0.075252
8.776731 0.075335
8.776899 0.075251
8.776899 0.075335
8.777066 0.075252
8.777066 0.075336
8.777234 0.075252
8.777234 0.075335
8.918206 0.075252
8.918206 0.075335
8.918374 0.075251
8.918374 0.075335
8.918541 0.075252
8.918541 0.075336
8.918743 0.075251
8.918743 0.075335
8.922122 0.075251
8.922122 0.075335
8.922372 0.075252
8.922372 0.075336
8.922540 0.075252
8.922540 0.075336
8.922874 0.075252
8.922874 0.075336
8.923042 0.075251
8.923042 0.075335
8.923210 0.075251
8.923210 0.075335
8.923544 0.075251
8.923544 0.075335
8.923711 0.075252
8.923711 0.075336
8.924045 0.075252
8.924045 0.075336
8.924213 0.075252
8.924213 0.075335
8.924547 0.075252
8.924547 0.075336
8.924715 0.075251
8.924715 0.075335
8.924883 0.075251
8.924883 0.075335
8.925233 0.075252
8.925233 0.075336
8.925401 0.075252
8.925401 0.075335
8.925569 0.075251
8.925569 0.075335
8.925736 0.075252
8.925736 0.075336
8.925904 0.075252
8.925904 0.075336
8.926072 0.075251
8.926072 0.075335
8.926240 0.075251
8.926240 0.075335
8.926407 0.075252
8.926407 0.075336
8.926575 0.075251
8.926575 0.075335
8.926743 0.075251
8.926743 0.075335
8.926910 0.075252
8.926910 0.075336
8.927078 0.075251
8.927078 0.075335
8.927246 0.075251
8.927246 0.075335
8.927413 0.075252
8.927413 0.075336
8.927581 0.075251
8.927581 0.075335
9.068553 0.075251
9.068553 0.075335
9.068721 0.075251
9.068721 0.075335
9.068888 0.075252
9.068888 0.075336
9.069090 0.075251
9.069090 0.075335
9.072468 0.075252
9.072468 0.075336
9.072719 0.075252
9.072719 0.075336
9.072887 0.075252
9.072887 0.075335
9.073221 0.075252
9.073221 0.075335
9.073389 0.075251
9.073389 0.075335
9.073556 0.075252
9.073556 0.075336
9.073891 0.075251
9.073891 0.075335
9.074058 0.075252
9.074058 0.075336
9.074392 0.075252
9.074392 0.075336
9.074560 0.075252
9.074560 0.075335
9.074894 0.075252
9.074894 0.075335
9.075062 0.075251
9.075062 0.075335
9.075229 0.075252
9.075229 0.075336
9.075580 0.075252
9.075580 0.075336
9.075748 0.075252
9.075748 0.075335
9.075916 0.075251
9.075916 0.075335
9.076083 0.075252
9.076083 0.075336
9.076251 0.075252
9.076251 0.075335
9.076419 0.075251
9.076419 0.075335
9.076586 0.075252
9.076586 0.075336
9.076754 0.075252
9.076754 0.075335
9.076922 0.075251
9.076922 0.075335
9.077089 0.075252
9.077089 0.075336
9.077257 0.075252
9.077257 0.075335
9.077425 0.075251
9.077425 0.075335
9.077592 0.075252
9.077592 0.075336
9.077760 0.075252
9.077760 0.075336
9.077928 0.075251
9.077928 0.075335
9.218900 0.075251
9.218900 0.075335
9.219068 0.075251
9.219068 0.075335
9.219235 0.075252
9.219235 0.075336
9.219436 0.075252
9.219436 0.075336
9.222815 0.075252
9.222815 0.075336
9.223066 0.075252
9.223066 0.075336
9.223234 0.075251
9.223234 0.075335
9.223568 0.075252
9.223568 0.075335
9.223736 0.075251
9.223736 0.075335
9.223903 0.075252
9.223903 0.075336
9.224237 0.075252
9.224237 0.075336
9.224405 0.075252
9.224405 0.075335
9.224739 0.075252
9.224739 0.075336
9.224907 0.075251
9.224907 0.075335
9.225241 0.075251
9.225241 0.075335
9.225409 0.075251
9.225409 0.075335
9.225576 0.075252
9.225576 0.075336
9.225927 0.075252
9.225927 0.075336
9.226095 0.075251
9.226095 0.075335
9.226263 0.075251
9.226263 0.075335
9.226430 0.075252
9.226430 0.075336
9.226598 0.075251
9.226598 0.075335
9.226766 0.075251
9.226766 0.075335
9.226933 0.075252
9.226933 0.075336
9.227101 0.075251
9.227101 0.075335
9.227269 0.075251
9.227269 0.075335
9.227436 0.075252
9.227436 0.075336
9.227604 0.075252
9.227604 0.075335
9.227772 0.075251
9.227772 0.075335
9.227939 0.075252
9.227939 0.075336
9.228107 0.075252
9.228107 0.075335
9.228275 0.075251
9.228275 0.075335
9.369247 0.075251
9.369247 0.075335
9.369414 0.075252
9.369414 0.075336
9.369582 0.075252
9.369582 0.075335
9.369783 0.075252
9.369783 0.075336
9.373162 0.075252
9.373162 0.075336
9.373413 0.075252
9.373413 0.075335
9.373581 0.075251
9.373581 0.075335
9.373915 0.075251
9.373915 0.075335
9.374083 0.075251
9.374083 0.075335
9.374250 0.075252
9.374250 0.075336
9.374584 0.075252
9.374584 0.075336
9.374752 0.075252
9.374752 0.075335
9.375086 0.075252
9.375086 0.075335
9.375254 0.075251
9.375254 0.075335
9.375588 0.075251
9.375588 0.075335
9.375756 0.075251
9.375756 0.075335
9.375923 0.075252
9.375923 0.075336
9.376274 0.075252
9.376274 0.075335
9.376442 0.075251
9.376442 0.075335
9.376609 0.075252
9.376609 0.075336
9.376777 0.075252
9.376777 0.075335
9.376945 0.075251
9.376945 0.075335
9.377112 0.075252
9.377112 0.075336
9.377280 0.075252
9.377280 0.075336
9.377448 0.075251
9.377448 0.075335
9.377616 0.075251
9.377616 0.075335
9.377783 0.075252
9.377783 0.075336
9.377951 0.075251
9.377951 0.075335
9.378119 0.075251
9.378119 0.075335
9.378286 0.075252
9.378286 0.075336
9.378454 0.075251
9.378454 0.075335
9.378622 0.075251
9.378622 0.075335
