1 0.000000
2 0.000000
24 0.150259
25 0.000083
48 0.150259
49 0.000083
50 0.000084
76 0.150176
77 0.000083
78 0.000083
96 0.099917
97 0.000083
113 0.050221
114 0.000083
115 0.000083
135 0.099789
136 0.000083
137 0.000083
157 0.050142
158 0.000167
159 0.000167
160 0.000167
161 0.000167
162 0.000167
186 0.099199
187 0.000084
188 0.000083
209 0.050062
210 0.000167
211 0.000167
216 0.000251
217 0.000167
218 0.000167
222 0.000251
223 0.000167
224 0.000167
259 0.098527
260 0.000083
261 0.000083
262 0.000083
263 0.000083
264 0.000084
284 0.049984
285 0.000167
286 0.000167
294 0.000334
295 0.000167
296 0.000167
301 0.000251
302 0.000167
303 0.000167
307 0.000335
308 0.000167
309 0.000167
366 0.097603
367 0.000083
368 0.000083
369 0.000083
370 0.000084
371 0.000083
372 0.000083
396 0.049905
397 0.000167
402 0.000334
403 0.000167
410 0.000503
411 0.000167
416 0.000418
417 0.000167
421 0.000335
422 0.000167
430 0.000503
431 0.000167
509 0.096760
510 0.000083
511 0.000083
512 0.000084
513 0.000083
514 0.000083
515 0.000083
516 0.000083
533 0.049993
534 0.000167
539 0.000334
540 0.000168
547 0.000502
548 0.000167
553 0.000419
554 0.000083
559 0.000418
560 0.000083
567 0.000587
568 0.000083
652 0.096756
653 0.000084
654 0.000083
655 0.000083
656 0.000083
657 0.000083
658 0.000084
659 0.000083
676 0.050080
677 0.000167
683 0.000351
684 0.000167
691 0.000503
692 0.000167
697 0.000418
698 0.000084
703 0.000418
704 0.000083
711 0.000587
712 0.000083
796 0.096652
797 0.000083
798 0.000083
799 0.000083
800 0.000084
801 0.000083
802 0.000083
803 0.000083
820 0.050168
821 0.000167
826 0.000351
827 0.000167
834 0.000520
835 0.000167
841 0.000418
842 0.000083
847 0.000419
848 0.000083
855 0.000586
856 0.000084
940 0.096547
941 0.000083
942 0.000084
943 0.000083
944 0.000083
945 0.000083
946 0.000083
947 0.000084
964 0.050255
965 0.000167
970 0.000352
971 0.000167
978 0.000519
979 0.000167
984 0.000418
985 0.000084
991 0.000435
992 0.000083
999 0.000586
1000 0.000084
1084 0.096443
1085 0.000083
1086 0.000083
1087 0.000083
1088 0.000083
1089 0.000084
1090 0.000083
1091 0.000083
1108 0.050343
1109 0.000167
1114 0.000352
1115 0.000167
1122 0.000519
1123 0.000167
1128 0.000418
1129 0.000084
1134 0.000418
1135 0.000083
1143 0.000603
1144 0.000084
1228 0.096355
1229 0.000083
1230 0.000083
1231 0.000084
1232 0.000083
1233 0.000083
1234 0.000083
1235 0.000083
1252 0.050431
1253 0.000167
1258 0.000352
1259 0.000167
1266 0.000519
1267 0.000167
1272 0.000419
1273 0.000083
1278 0.000418
1279 0.000083
1286 0.000587
1287 0.000083
1372 0.096284
1373 0.000084
1374 0.000083
1375 0.000083
1376 0.000083
1377 0.000083
1378 0.000084
1379 0.000083
1396 0.050518
1397 0.000167
1402 0.000352
1403 0.000167
1410 0.000519
1411 0.000167
1416 0.000419
1417 0.000083
1422 0.000418
1423 0.000084
1430 0.000586
1431 0.000083
1516 0.096197
1517 0.000083
1518 0.000083
1519 0.000083
1520 0.000084
1521 0.000083
1522 0.000083
1523 0.000083
1540 0.050606
1541 0.000167
1546 0.000352
1547 0.000167
1554 0.000519
1555 0.000167
1560 0.000419
1561 0.000083
1566 0.000418
1567 0.000084
1574 0.000586
1575 0.000083
1660 0.096109
1661 0.000083
1662 0.000084
1663 0.000083
1664 0.000083
1665 0.000083
1666 0.000083
1667 0.000084
1684 0.050693
1685 0.000167
1690 0.000352
1691 0.000167
1698 0.000519
1699 0.000167
1704 0.000419
1705 0.000083
1710 0.000419
1711 0.000083
1718 0.000586
1719 0.000083
1804 0.096022
1805 0.000083
1806 0.000083
1807 0.000083
1808 0.000083
1809 0.000084
1810 0.000083
1811 0.000083
1828 0.050781
1829 0.000167
1834 0.000352
1835 0.000167
1842 0.000519
1843 0.000167
1848 0.000419
1849 0.000083
1854 0.000419
1855 0.000083
1862 0.000586
1863 0.000083
1947 0.095934
1948 0.000083
1950 0.000083
1951 0.000084
1952 0.000083
1953 0.000083
1954 0.000083
1955 0.000083
1972 0.050870
1973 0.000167
1978 0.000351
1979 0.000167
1986 0.000519
1987 0.000167
1992 0.000419
1993 0.000083
1998 0.000419
1999 0.000083
2006 0.000586
2007 0.000083
2091 0.095846
2092 0.000084
2093 0.000083
2094 0.000083
2095 0.000083
2096 0.000083
2097 0.000084
2098 0.000083
2116 0.050957
2117 0.000167
2122 0.000351
2123 0.000167
2130 0.000519
2131 0.000167
2136 0.000419
2137 0.000083
2142 0.000419
2143 0.000083
2150 0.000586
2151 0.000083
2235 0.095759
2236 0.000083
2237 0.000083
2238 0.000083
2239 0.000084
2240 0.000083
2241 0.000083
2242 0.000083
2259 0.051045
2260 0.000167
2266 0.000365
2267 0.000167
2274 0.000505
2275 0.000168
2280 0.000418
2281 0.000083
2286 0.000419
2287 0.000083
2294 0.000586
2295 0.000083
2379 0.095671
2380 0.000083
2381 0.000084
2382 0.000083
2383 0.000083
2384 0.000083
2385 0.000083
2386 0.000084
2403 0.051132
2404 0.000167
2409 0.000365
2410 0.000167
2417 0.000506
2418 0.000183
2424 0.000419
2425 0.000083
2430 0.000419
2431 0.000083
2438 0.000586
2439 0.000083
2523 0.095567
2524 0.000083
2525 0.000083
2526 0.000083
2527 0.000083
2528 0.000084
2529 0.000083
2530 0.000083
2547 0.051220
2548 0.000167
2553 0.000365
2554 0.000167
2561 0.000522
2562 0.000167
2567 0.000419
2568 0.000083
2574 0.000436
2575 0.000083
2582 0.000586
2583 0.000083
2667 0.095462
2668 0.000083
2669 0.000083
2670 0.000084
2671 0.000083
2672 0.000083
2673 0.000083
2674 0.000083
2691 0.051308
2692 0.000167
2697 0.000365
2698 0.000167
2705 0.000523
2706 0.000167
2711 0.000418
2712 0.000083
2717 0.000419
2718 0.000083
2726 0.000603
2727 0.000083
2811 0.095374
2812 0.000084
2813 0.000083
2814 0.000083
2815 0.000083
2816 0.000083
2817 0.000084
2818 0.000083
2835 0.051395
2836 0.000167
2841 0.000365
2842 0.000167
2849 0.000523
2850 0.000167
2855 0.000418
2856 0.000083
2861 0.000419
2862 0.000083
2869 0.000586
2870 0.000084
2955 0.095303
2956 0.000083
2957 0.000083
2958 0.000083
2959 0.000084
2960 0.000083
2961 0.000083
2962 0.000083
2979 0.051483
2980 0.000167
2985 0.000365
2986 0.000167
2993 0.000523
2994 0.000167
2999 0.000418
3000 0.000083
3005 0.000419
3006 0.000083
3013 0.000586
3014 0.000084
3099 0.095215
3100 0.000083
3101 0.000084
3102 0.000083
3103 0.000083
3104 0.000083
3105 0.000083
3106 0.000084
3123 0.051570
3124 0.000167
3129 0.000365
3130 0.000167
3137 0.000523
3138 0.000167
3143 0.000418
3144 0.000084
3149 0.000418
3150 0.000083
3157 0.000587
3158 0.000083
3243 0.095128
3244 0.000083
3245 0.000083
3246 0.000083
3247 0.000083
3248 0.000084
3249 0.000083
3250 0.000083
3267 0.051658
3268 0.000167
3273 0.000365
3274 0.000167
3281 0.000523
3282 0.000167
3287 0.000418
3288 0.000084
3293 0.000418
3294 0.000083
3301 0.000587
3302 0.000083
3386 0.095040
3387 0.000083
3388 0.000100
3389 0.000083
3391 0.000084
3392 0.000083
3393 0.000083
3394 0.000083
3411 0.051729
3412 0.000167
3417 0.000365
3418 0.000168
3425 0.000522
3426 0.000167
3431 0.000419
3432 0.000083
3437 0.000418
3438 0.000083
3445 0.000587
3446 0.000083
3530 0.094952
3531 0.000084
3532 0.000100
3533 0.000083
3534 0.000083
3535 0.000083
3536 0.000083
3537 0.000084
3555 0.051816
3556 0.000167
3561 0.000366
3562 0.000167
3569 0.000522
3570 0.000167
3575 0.000419
3576 0.000083
3581 0.000418
3582 0.000084
3589 0.000586
3590 0.000083
3674 0.094865
3675 0.000083
3676 0.000100
3677 0.000083
3678 0.000083
3679 0.000084
3680 0.000083
3681 0.000083
3699 0.051904
3700 0.000168
3705 0.000365
3706 0.000167
3713 0.000522
3714 0.000167
3719 0.000419
3720 0.000083
3725 0.000418
3726 0.000084
3733 0.000586
3734 0.000083
3818 0.094777
3819 0.000083
3820 0.000100
3821 0.000084
3822 0.000083
3823 0.000083
3824 0.000083
3825 0.000083
3842 0.051993
3843 0.000167
3848 0.000382
3849 0.000167
3857 0.000505
3858 0.000167
3863 0.000419
3864 0.000083
3869 0.000419
3870 0.000083
3877 0.000586
3878 0.000083
3962 0.094690
3963 0.000083
3964 0.000100
3965 0.000083
3966 0.000083
3967 0.000083
3968 0.000084
3969 0.000083
3986 0.052080
3987 0.000167
3992 0.000382
3993 0.000167
4000 0.000505
4001 0.000184
4007 0.000419
4008 0.000083
4013 0.000418
4014 0.000084
4021 0.000586
4022 0.000083
4106 0.094585
4107 0.000083
4108 0.000100
4109 0.000083
4110 0.000084
4111 0.000083
4112 0.000083
4113 0.000083
4130 0.052168
4131 0.000167
4136 0.000382
4137 0.000167
4144 0.000589
4145 0.000083
4150 0.000419
4151 0.000083
4157 0.000435
4158 0.000084
4165 0.000586
4166 0.000083
4250 0.094497
4251 0.000084
4252 0.000100
4253 0.000083
4254 0.000083
4255 0.000083
4256 0.000083
4257 0.000084
4274 0.052255
4275 0.000167
4280 0.000382
4281 0.000167
4288 0.000586
4289 0.000083
4294 0.000419
4295 0.000083
4300 0.000419
4301 0.000083
4309 0.000603
4310 0.000083
4394 0.094413
4395 0.000083
4396 0.000100
4397 0.000083
4398 0.000083
4399 0.000084
4400 0.000083
4401 0.000083
4418 0.052343
4419 0.000167
4424 0.000382
4425 0.000167
4432 0.000586
4433 0.000083
4438 0.000419
4439 0.000083
4444 0.000419
4445 0.000083
4452 0.000586
4453 0.000083
4538 0.094342
4539 0.000083
4540 0.000100
4541 0.000084
4542 0.000083
4543 0.000083
4544 0.000083
4545 0.000083
4562 0.052431
4563 0.000167
4568 0.000382
4569 0.000167
4576 0.000586
4577 0.000083
4582 0.000419
4583 0.000083
4588 0.000419
4589 0.000083
4596 0.000586
4597 0.000083
4682 0.094255
4683 0.000083
4684 0.000100
4685 0.000083
4686 0.000083
4687 0.000083
4688 0.000084
4689 0.000083
4706 0.052518
4707 0.000167
4712 0.000382
4713 0.000167
4720 0.000586
4721 0.000083
4726 0.000419
4727 0.000083
4732 0.000419
4733 0.000083
4740 0.000586
4741 0.000083
4825 0.094167
4826 0.000083
4827 0.000100
4828 0.000083
4829 0.000100
4830 0.000084
4832 0.000083
4833 0.000083
4850 0.052589
4851 0.000167
4856 0.000382
4857 0.000167
4864 0.000586
4865 0.000084
4870 0.000418
4871 0.000083
4876 0.000419
4877 0.000083
4884 0.000586
4885 0.000084
4969 0.094078
4970 0.000084
4971 0.000100
4972 0.000083
4973 0.000100
4974 0.000083
4975 0.000083
4976 0.000083
4994 0.052677
4995 0.000167
5000 0.000382
5001 0.000167
5008 0.000586
5009 0.000084
5014 0.000418
5015 0.000083
5020 0.000419
5021 0.000083
5028 0.000586
5029 0.000084
5113 0.093991
5114 0.000083
5115 0.000100
5116 0.000083
5117 0.000100
5118 0.000083
5119 0.000084
5120 0.000083
5138 0.052764
5139 0.000167
5144 0.000382
5145 0.000167
5152 0.000587
5153 0.000083
5158 0.000418
5159 0.000083
5164 0.000419
5165 0.000083
5172 0.000586
5173 0.000084
5257 0.093903
5258 0.000083
5259 0.000100
5260 0.000084
5261 0.000100
5262 0.000083
5263 0.000083
5264 0.000083
5282 0.052852
5283 0.000167
5288 0.000382
5289 0.000167
5296 0.000587
5297 0.000083
5302 0.000418
5303 0.000084
5308 0.000418
5309 0.000083
5316 0.000587
5317 0.000083
5401 0.093816
5402 0.000083
5403 0.000100
5404 0.000083
5405 0.000100
5406 0.000083
5407 0.000083
5408 0.000084
5425 0.052939
5426 0.000167
5431 0.000382
5432 0.000184
5440 0.000586
5441 0.000084
5446 0.000418
5447 0.000083
5452 0.000419
5453 0.000083
5460 0.000586
5461 0.000084
5545 0.093711
5546 0.000083
5547 0.000100
5548 0.000083
5549 0.000100
5550 0.000084
5551 0.000083
5552 0.000083
5569 0.053028
5570 0.000167
5575 0.000465
5576 0.000084
5583 0.000586
5584 0.000083
5590 0.000435
5591 0.000084
5596 0.000418
5597 0.000083
5604 0.000587
5605 0.000083
5689 0.093623
5690 0.000084
5691 0.000100
5692 0.000083
5693 0.000100
5694 0.000083
5695 0.000083
5696 0.000083
5713 0.053116
5714 0.000167
5719 0.000418
5720 0.000083
5727 0.000587
5728 0.000083
5733 0.000418
5734 0.000084
5740 0.000435
5741 0.000083
5748 0.000586
5749 0.000084
5833 0.093583
5834 0.000083
5835 0.000100
5836 0.000083
5837 0.000100
5838 0.000083
5839 0.000084
5840 0.000083
5857 0.053203
5858 0.000167
5863 0.000418
5864 0.000083
5871 0.000587
5872 0.000083
5877 0.000418
5878 0.000084
5883 0.000418
5884 0.000083
5891 0.000587
5892 0.000100
