1 0.000000
3 0.000000
5 0.008400
6 0.008400
7 0.008400
8 0.008400
9 0.008400
10 0.008400
11 0.008400
12 0.008400
15 0.008400
16 0.008400
17 0.008400
18 0.008400
19 0.008400
20 0.008400
21 0.008400
22 0.008400
23 0.008400
27 0.008400
28 0.008400
29 0.008400
30 0.008400
31 0.008400
32 0.008400
33 0.008400
34 0.008400
35 0.008400
38 0.008400
39 0.008400
40 0.008400
41 0.008400
42 0.008400
43 0.008400
44 0.008400
45 0.008400
46 0.008400
51 0.008400
52 0.008400
53 0.008400
54 0.008400
55 0.008400
56 0.008400
57 0.008400
58 0.008400
59 0.008400
62 0.008400
63 0.008400
64 0.008400
65 0.008400
66 0.008400
67 0.008400
68 0.008400
69 0.008400
70 0.008400
79 0.008400
80 0.008400
81 0.008400
83 0.008400
84 0.008400
85 0.008400
86 0.008400
87 0.008400
88 0.008400
93 0.008400
94 0.008400
95 0.008400
98 0.008400
99 0.008400
100 0.008400
101 0.008400
102 0.008400
103 0.008400
116 0.008400
117 0.008400
118 0.008400
120 0.008400
121 0.008400
122 0.008400
123 0.008400
124 0.008400
125 0.008400
132 0.008400
133 0.008400
134 0.008400
138 0.008400
139 0.008400
140 0.008400
141 0.008400
142 0.008400
143 0.008400
163 0.008400
164 0.008400
165 0.008400
167 0.008400
168 0.008400
169 0.008400
170 0.008400
171 0.008400
172 0.008400
183 0.008400
184 0.008400
185 0.008400
189 0.008400
190 0.008400
191 0.008400
192 0.008400
193 0.008400
194 0.008400
229 0.008400
230 0.008400
231 0.008400
234 0.008400
235 0.008400
236 0.008400
237 0.008400
238 0.008400
239 0.008400
256 0.008400
257 0.008400
258 0.008400
265 0.008400
266 0.008400
267 0.008400
268 0.008400
269 0.008400
270 0.008400
324 0.008400
325 0.008400
326 0.008400
330 0.008400
331 0.008400
332 0.008400
333 0.008400
334 0.008400
335 0.008400
363 0.008400
364 0.008400
365 0.008400
373 0.008400
374 0.008400
375 0.008400
376 0.008400
377 0.008400
378 0.008400
455 0.008400
456 0.008400
457 0.008400
462 0.008400
463 0.008400
464 0.008400
465 0.008400
466 0.008400
467 0.008400
506 0.008400
507 0.008400
508 0.008400
517 0.008400
518 0.008400
519 0.008400
520 0.008400
521 0.008400
528 0.008473
599 0.008327
600 0.008400
602 0.008400
606 0.008400
607 0.008400
608 0.008400
609 0.008400
610 0.008400
615 0.008400
650 0.008400
651 0.008400
660 0.008441
661 0.008359
662 0.008400
663 0.008400
664 0.008400
665 0.008400
682 0.008456
743 0.008344
744 0.008400
749 0.008400
750 0.008400
751 0.008400
752 0.008400
753 0.008400
754 0.008400
764 0.008400
794 0.008400
795 0.008400
804 0.008400
805 0.008400
806 0.008400
807 0.008400
808 0.008400
809 0.008400
836 0.008456
887 0.008344
888 0.008400
893 0.008400
894 0.008400
895 0.008400
896 0.008400
897 0.008400
898 0.008400
913 0.008400
938 0.008400
939 0.008400
948 0.008400
949 0.008400
950 0.008400
951 0.008400
952 0.008400
953 0.008400
988 0.008539
1031 0.008261
1032 0.008400
1037 0.008400
1038 0.008400
1039 0.008400
1040 0.008400
1041 0.008400
1042 0.008400
1061 0.008400
1082 0.008400
1083 0.008400
1092 0.008400
1093 0.008400
1094 0.008400
1095 0.008400
1096 0.008400
1097 0.008400
1142 0.008522
1175 0.008278
1176 0.008400
1181 0.008400
1182 0.008400
1183 0.008400
1184 0.008400
1185 0.008400
1186 0.008400
1210 0.008400
1226 0.008400
1227 0.008400
1236 0.008400
1237 0.008400
1238 0.008400
1239 0.008400
1240 0.008400
1241 0.008400
1294 0.008506
1319 0.008294
1320 0.008400
1325 0.008400
1326 0.008400
1327 0.008400
1328 0.008400
1329 0.008400
1330 0.008400
1358 0.008400
1370 0.008400
1371 0.008400
1380 0.008400
1381 0.008400
1382 0.008400
1383 0.008400
1384 0.008400
1385 0.008400
1448 0.008490
1463 0.008310
1464 0.008400
1469 0.008400
1470 0.008400
1471 0.008400
1472 0.008400
1473 0.008400
1474 0.008400
1507 0.008400
1514 0.008400
1515 0.008400
1524 0.008400
1525 0.008400
1526 0.008400
1527 0.008400
1528 0.008400
1529 0.008400
1600 0.008475
1607 0.008325
1608 0.008400
1613 0.008400
1614 0.008400
1615 0.008400
1616 0.008400
1617 0.008400
1618 0.008400
1655 0.008400
1658 0.008400
1659 0.008400
1668 0.008400
1669 0.008400
1670 0.008400
1671 0.008400
1672 0.008400
1673 0.008400
1750 0.008400
1751 0.008400
1752 0.008400
1757 0.008400
1758 0.008400
1759 0.008400
1760 0.008400
1761 0.008400
1762 0.008400
1801 0.008400
1802 0.008400
1803 0.008400
1812 0.008400
1813 0.008400
1814 0.008400
1815 0.008400
1816 0.008400
1817 0.008400
1894 0.008400
1895 0.008400
1896 0.008400
1901 0.008400
1902 0.008400
1903 0.008400
1904 0.008400
1905 0.008400
1907 0.008400
1945 0.008400
1946 0.008400
1949 0.008400
1956 0.008400
1957 0.008400
1958 0.008400
1959 0.008400
1960 0.008400
1969 0.008443
2038 0.008357
2039 0.008400
2042 0.008400
2045 0.008400
2046 0.008400
2047 0.008400
2048 0.008400
2049 0.008400
2054 0.008400
2089 0.008400
2090 0.008400
2099 0.008400
2100 0.008400
2101 0.008400
2102 0.008400
2103 0.008400
2104 0.008400
2113 0.008400
2182 0.008400
2183 0.008400
2188 0.008400
2189 0.008400
2190 0.008400
2191 0.008400
2192 0.008400
2193 0.008400
2198 0.008400
2233 0.008400
2234 0.008400
2243 0.008400
2244 0.008400
2245 0.008400
2246 0.008400
2247 0.008400
2248 0.008400
2265 0.008400
2326 0.008400
2327 0.008400
2332 0.008400
2333 0.008400
2334 0.008400
2335 0.008400
2336 0.008400
2337 0.008400
2347 0.008400
2377 0.008400
2378 0.008400
2387 0.008400
2388 0.008400
2389 0.008400
2390 0.008400
2391 0.008400
2392 0.008400
2419 0.008487
2470 0.008313
2471 0.008400
2476 0.008400
2477 0.008400
2478 0.008400
2479 0.008400
2480 0.008400
2481 0.008400
2496 0.008400
2521 0.008400
2522 0.008400
2531 0.008400
2532 0.008400
2533 0.008400
2534 0.008400
2535 0.008400
2536 0.008400
2571 0.008486
2614 0.008314
2615 0.008400
2620 0.008400
2621 0.008400
2622 0.008400
2623 0.008400
2624 0.008400
2625 0.008400
2644 0.008400
2665 0.008400
2666 0.008400
2675 0.008400
2676 0.008400
2677 0.008400
2678 0.008400
2679 0.008400
2680 0.008400
2725 0.008470
2758 0.008330
2759 0.008400
2764 0.008400
2765 0.008400
2766 0.008400
2767 0.008400
2768 0.008400
2769 0.008400
2793 0.008400
2809 0.008400
2810 0.008400
2819 0.008400
2820 0.008400
2821 0.008400
2822 0.008400
2823 0.008400
2824 0.008400
2877 0.008537
2902 0.008263
2903 0.008400
2908 0.008400
2909 0.008400
2910 0.008400
2911 0.008400
2912 0.008400
2913 0.008400
2942 0.008400
2953 0.008400
2954 0.008400
2963 0.008400
2964 0.008400
2965 0.008400
2966 0.008400
2967 0.008400
2968 0.008400
3031 0.008522
3046 0.008278
3047 0.008400
3052 0.008400
3053 0.008400
3054 0.008400
3055 0.008400
3056 0.008400
3057 0.008400
3090 0.008400
3097 0.008400
3098 0.008400
3107 0.008400
3108 0.008400
3109 0.008400
3110 0.008400
3111 0.008400
3112 0.008400
3185 0.008506
3190 0.008294
3191 0.008400
3196 0.008400
3197 0.008400
3198 0.008400
3199 0.008400
3200 0.008400
3201 0.008400
3239 0.008400
3241 0.008400
3242 0.008400
3251 0.008400
3252 0.008400
3253 0.008400
3254 0.008400
3255 0.008400
3256 0.008400
3333 0.008400
3334 0.008400
3335 0.008400
3340 0.008400
3341 0.008400
3342 0.008400
3343 0.008400
3344 0.008400
3347 0.008400
3384 0.008400
3385 0.008400
3390 0.008448
3395 0.008352
3396 0.008400
3397 0.008400
3398 0.008400
3399 0.008400
3408 0.008412
3477 0.008388
3478 0.008400
3482 0.008400
3484 0.008400
3485 0.008400
3486 0.008400
3487 0.008400
3488 0.008400
3493 0.008400
3528 0.008400
3529 0.008400
3538 0.008400
3539 0.008400
3540 0.008400
3541 0.008400
3542 0.008400
3543 0.008400
3552 0.008400
3621 0.008400
3622 0.008400
3627 0.008400
3628 0.008400
3629 0.008400
3630 0.008400
3631 0.008400
3632 0.008400
3637 0.008400
3672 0.008400
3673 0.008400
3682 0.008400
3683 0.008400
3684 0.008400
3685 0.008400
3686 0.008400
3687 0.008400
3696 0.008400
3765 0.008400
3766 0.008400
3771 0.008400
3772 0.008400
3773 0.008400
3774 0.008400
3775 0.008400
3776 0.008400
3782 0.008400
3816 0.008400
3817 0.008400
3826 0.008400
3827 0.008400
3828 0.008400
3829 0.008400
3830 0.008400
3831 0.008400
3850 0.008432
3909 0.008368
3910 0.008400
3915 0.008400
3916 0.008400
3917 0.008400
3918 0.008400
3919 0.008400
3920 0.008400
3931 0.008400
3960 0.008400
3961 0.008400
3970 0.008400
3971 0.008400
3972 0.008400
3973 0.008400
3974 0.008400
3975 0.008400
4002 0.008518
4053 0.008282
4054 0.008400
4059 0.008400
4060 0.008400
4061 0.008400
4062 0.008400
4063 0.008400
4064 0.008400
4079 0.008400
4104 0.008400
4105 0.008400
4114 0.008400
4115 0.008400
4116 0.008400
4117 0.008400
4118 0.008400
4119 0.008400
4156 0.008501
4197 0.008299
4198 0.008400
4203 0.008400
4204 0.008400
4205 0.008400
4206 0.008400
4207 0.008400
4208 0.008400
4228 0.008400
4248 0.008400
4249 0.008400
4258 0.008400
4259 0.008400
4260 0.008400
4261 0.008400
4262 0.008400
4263 0.008400
4308 0.008481
4341 0.008319
4342 0.008400
4347 0.008400
4348 0.008400
4349 0.008400
4350 0.008400
4351 0.008400
4352 0.008400
4376 0.008400
4392 0.008400
4393 0.008400
4402 0.008400
4403 0.008400
4404 0.008400
4405 0.008400
4406 0.008400
4407 0.008400
4462 0.008549
4485 0.008251
4486 0.008400
4491 0.008400
4492 0.008400
4493 0.008400
4494 0.008400
4495 0.008400
4496 0.008400
4525 0.008400
4536 0.008400
4537 0.008400
4546 0.008400
4547 0.008400
4548 0.008400
4549 0.008400
4550 0.008400
4551 0.008400
4616 0.008533
4629 0.008267
4630 0.008400
4635 0.008400
4636 0.008400
4637 0.008400
4638 0.008400
4639 0.008400
4640 0.008400
4674 0.008400
4680 0.008400
4681 0.008400
4690 0.008400
4691 0.008400
4692 0.008400
4693 0.008400
4694 0.008400
4697 0.008400
4768 0.008518
4773 0.008282
4774 0.008400
4779 0.008400
4780 0.008400
4781 0.008400
4782 0.008400
4783 0.008400
4786 0.008400
4822 0.008400
4824 0.008400
4831 0.008455
4834 0.008345
4835 0.008400
4836 0.008400
4837 0.008400
4838 0.008400
4847 0.008400
4916 0.008400
4917 0.008400
4922 0.008400
4923 0.008400
4924 0.008400
4925 0.008400
4926 0.008400
4927 0.008400
4932 0.008400
4967 0.008400
4968 0.008400
4977 0.008400
4978 0.008400
4979 0.008400
4980 0.008400
4981 0.008400
4982 0.008400
4991 0.008400
5060 0.008400
5061 0.008400
5066 0.008400
5067 0.008400
5068 0.008400
5069 0.008400
5070 0.008400
5071 0.008400
5076 0.008400
5111 0.008400
5112 0.008400
5121 0.008400
5122 0.008400
5123 0.008400
5124 0.008400
5125 0.008400
5126 0.008400
5135 0.008400
5204 0.008400
5205 0.008400
5210 0.008400
5211 0.008400
5212 0.008400
5213 0.008400
5214 0.008400
5215 0.008400
5220 0.008400
5255 0.008400
5256 0.008400
5265 0.008400
5266 0.008400
5267 0.008400
5268 0.008400
5269 0.008400
5270 0.008400
5279 0.008400
5348 0.008400
5349 0.008400
5354 0.008400
5355 0.008400
5356 0.008400
5357 0.008400
5358 0.008400
5359 0.008400
5366 0.008400
5399 0.008400
5400 0.008400
5409 0.008400
5410 0.008400
5411 0.008400
5412 0.008400
5413 0.008400
5414 0.008400
5433 0.008547
5492 0.008253
5493 0.008400
5498 0.008400
5499 0.008400
5500 0.008400
5501 0.008400
5502 0.008400
5503 0.008400
5514 0.008400
5543 0.008400
5544 0.008400
5553 0.008400
5554 0.008400
5555 0.008400
5556 0.008400
5557 0.008400
5558 0.008400
5587 0.008529
5636 0.008271
5637 0.008400
5642 0.008400
5643 0.008400
5644 0.008400
5645 0.008400
5646 0.008400
5647 0.008400
5663 0.008400
5687 0.008400
5688 0.008400
5697 0.008400
5698 0.008400
5699 0.008400
5700 0.008400
5701 0.008400
5702 0.008400
5739 0.008466
5780 0.008334
5781 0.008400
5786 0.008400
5787 0.008400
5788 0.008400
5789 0.008400
5790 0.008400
5791 0.008400
5811 0.008400
5831 0.008400
5832 0.008400
5841 0.008400
5842 0.008400
5843 0.008400
5844 0.008400
5845 0.008400
5846 0.008400
5893 0.008532
5924 0.008268
5925 0.008400
5930 0.008400
5931 0.008400
5932 0.008400
5933 0.008400
5934 0.008400
5935 0.008400
5960 0.008400
