1 0.000000
4 0.000000
26 0.150022
47 0.150023
71 0.150264
72 0.000084
73 0.000084
74 0.000084
75 0.000084
104 0.149928
105 0.000083
106 0.000084
107 0.000084
108 0.000084
109 0.000084
110 0.000084
111 0.000083
112 0.000084
144 0.149676
145 0.000084
146 0.000084
147 0.000084
148 0.000084
149 0.000084
150 0.000083
151 0.000084
152 0.000167
153 0.000167
154 0.000167
155 0.000167
156 0.000167
195 0.148841
196 0.000084
197 0.000084
198 0.000084
199 0.000084
200 0.000084
201 0.000083
202 0.000084
203 0.000167
204 0.000167
205 0.000167
206 0.000084
207 0.000167
208 0.000167
212 0.000167
213 0.000084
214 0.000167
215 0.000167
219 0.000167
220 0.000084
221 0.000084
225 0.000084
226 0.000084
227 0.000084
228 0.000083
271 0.147586
272 0.000084
273 0.000084
274 0.000084
275 0.000084
276 0.000084
277 0.000083
278 0.000084
279 0.000084
280 0.000167
281 0.000167
282 0.000167
283 0.000084
287 0.000084
288 0.000167
289 0.000167
290 0.000167
291 0.000084
292 0.000167
293 0.000167
297 0.000167
298 0.000084
299 0.000084
300 0.000167
304 0.000167
305 0.000167
306 0.000084
310 0.000083
311 0.000084
312 0.000084
313 0.000084
314 0.000084
315 0.000084
316 0.000083
317 0.000084
318 0.000084
319 0.000084
320 0.000084
321 0.000084
322 0.000083
323 0.000084
379 0.145911
380 0.000084
381 0.000084
382 0.000084
383 0.000084
384 0.000084
385 0.000083
386 0.000084
387 0.000084
388 0.000167
389 0.000167
390 0.000084
391 0.000084
392 0.000167
393 0.000167
394 0.000084
395 0.000084
398 0.000083
399 0.000084
400 0.000167
401 0.000167
404 0.000084
405 0.000084
406 0.000084
407 0.000167
408 0.000167
409 0.000084
412 0.000084
413 0.000167
414 0.000167
415 0.000084
418 0.000083
419 0.000084
420 0.000084
423 0.000167
424 0.000167
425 0.000084
426 0.000084
427 0.000084
428 0.000084
429 0.000083
432 0.000084
433 0.000084
434 0.000084
435 0.000084
436 0.000084
437 0.000083
438 0.000084
439 0.000084
440 0.000084
441 0.000084
442 0.000084
443 0.000083
444 0.000084
445 0.000084
446 0.000084
447 0.000084
448 0.000084
449 0.000083
450 0.000084
451 0.000084
452 0.000084
453 0.000084
454 0.000084
522 0.144066
523 0.000084
524 0.000084
525 0.000084
526 0.000084
527 0.000083
529 0.000101
530 0.000084
531 0.000150
532 0.000167
535 0.000167
536 0.000084
537 0.000084
538 0.000167
541 0.000167
542 0.000084
543 0.000084
544 0.000084
545 0.000083
546 0.000167
549 0.000167
550 0.000084
551 0.000084
552 0.000084
555 0.000250
556 0.000084
557 0.000084
558 0.000084
561 0.000250
562 0.000084
563 0.000084
564 0.000083
565 0.000084
566 0.000084
569 0.000250
570 0.000084
571 0.000084
572 0.000084
573 0.000084
574 0.000084
575 0.000083
576 0.000084
577 0.000084
578 0.000084
579 0.000084
580 0.000084
581 0.000083
582 0.000084
583 0.000084
584 0.000084
585 0.000084
586 0.000084
587 0.000084
588 0.000083
589 0.000084
590 0.000084
591 0.000084
592 0.000084
593 0.000084
594 0.000083
595 0.000084
596 0.000084
597 0.000084
598 0.000084
666 0.143983
667 0.000084
668 0.000084
669 0.000084
670 0.000083
671 0.000084
672 0.000101
673 0.000084
674 0.000233
675 0.000167
678 0.000167
679 0.000084
680 0.000101
681 0.000167
685 0.000167
686 0.000084
687 0.000084
688 0.000083
689 0.000084
690 0.000167
693 0.000167
694 0.000084
695 0.000084
696 0.000084
699 0.000250
700 0.000084
701 0.000084
702 0.000084
705 0.000250
706 0.000084
707 0.000084
708 0.000083
709 0.000084
710 0.000084
713 0.000250
714 0.000084
715 0.000084
716 0.000084
717 0.000084
718 0.000083
719 0.000084
720 0.000084
721 0.000084
722 0.000084
723 0.000084
724 0.000084
725 0.000083
726 0.000084
727 0.000084
728 0.000084
729 0.000084
730 0.000084
731 0.000083
732 0.000084
733 0.000084
734 0.000084
735 0.000084
736 0.000084
737 0.000083
738 0.000084
739 0.000084
740 0.000084
741 0.000084
742 0.000084
810 0.143883
811 0.000084
812 0.000084
813 0.000084
814 0.000083
815 0.000084
816 0.000101
817 0.000084
818 0.000316
819 0.000167
822 0.000167
823 0.000084
824 0.000101
825 0.000167
828 0.000167
829 0.000084
830 0.000084
831 0.000083
832 0.000084
833 0.000184
837 0.000167
838 0.000084
839 0.000084
840 0.000084
843 0.000250
844 0.000084
845 0.000084
846 0.000083
849 0.000251
850 0.000084
851 0.000083
852 0.000084
853 0.000084
854 0.000084
857 0.000250
858 0.000084
859 0.000084
860 0.000084
861 0.000084
862 0.000083
863 0.000084
864 0.000084
865 0.000084
866 0.000084
867 0.000084
868 0.000083
869 0.000084
870 0.000084
871 0.000084
872 0.000084
873 0.000084
874 0.000083
875 0.000084
876 0.000084
877 0.000084
878 0.000084
879 0.000084
880 0.000083
881 0.000084
882 0.000084
883 0.000084
884 0.000084
885 0.000084
886 0.000084
954 0.143783
955 0.000084
956 0.000084
957 0.000083
958 0.000084
959 0.000084
960 0.000101
961 0.000084
962 0.000399
963 0.000167
966 0.000167
967 0.000084
968 0.000101
969 0.000167
972 0.000167
973 0.000084
974 0.000084
975 0.000084
976 0.000100
977 0.000167
980 0.000167
981 0.000084
982 0.000084
983 0.000084
986 0.000250
987 0.000101
989 0.000084
990 0.000083
993 0.000251
994 0.000083
995 0.000084
996 0.000084
997 0.000084
998 0.000084
1001 0.000250
1002 0.000084
1003 0.000084
1004 0.000084
1005 0.000083
1006 0.000084
1007 0.000084
1008 0.000084
1009 0.000084
1010 0.000084
1011 0.000083
1012 0.000084
1013 0.000084
1014 0.000084
1015 0.000084
1016 0.000084
1017 0.000083
1018 0.000084
1019 0.000084
1020 0.000084
1021 0.000084
1022 0.000084
1023 0.000084
1024 0.000083
1025 0.000084
1026 0.000084
1027 0.000084
1028 0.000084
1029 0.000084
1030 0.000083
1098 0.143684
1099 0.000084
1100 0.000083
1101 0.000084
1102 0.000084
1103 0.000084
1104 0.000101
1105 0.000083
1106 0.000483
1107 0.000168
1110 0.000167
1111 0.000083
1112 0.000101
1113 0.000167
1116 0.000167
1117 0.000084
1118 0.000084
1119 0.000084
1120 0.000100
1121 0.000167
1124 0.000167
1125 0.000084
1126 0.000084
1127 0.000084
1130 0.000250
1131 0.000084
1132 0.000084
1133 0.000084
1136 0.000250
1137 0.000084
1138 0.000084
1139 0.000083
1140 0.000101
1141 0.000084
1145 0.000250
1146 0.000084
1147 0.000084
1148 0.000084
1149 0.000083
1150 0.000084
1151 0.000084
1152 0.000084
1153 0.000084
1154 0.000084
1155 0.000084
1156 0.000083
1157 0.000084
1158 0.000084
1159 0.000084
1160 0.000084
1161 0.000084
1162 0.000083
1163 0.000084
1164 0.000084
1165 0.000084
1166 0.000084
1167 0.000084
1168 0.000083
1169 0.000084
1170 0.000084
1171 0.000084
1172 0.000084
1173 0.000084
1174 0.000083
1242 0.143601
1243 0.000083
1244 0.000084
1245 0.000084
1246 0.000084
1247 0.000084
1248 0.000100
1249 0.000084
1250 0.000567
1251 0.000167
1254 0.000167
1255 0.000083
1256 0.000101
1257 0.000167
1260 0.000167
1261 0.000084
1262 0.000084
1263 0.000084
1264 0.000100
1265 0.000167
1268 0.000167
1269 0.000084
1270 0.000084
1271 0.000084
1274 0.000250
1275 0.000084
1276 0.000084
1277 0.000084
1280 0.000250
1281 0.000084
1282 0.000084
1283 0.000083
1284 0.000084
1285 0.000084
1288 0.000250
1289 0.000084
1290 0.000084
1291 0.000084
1292 0.000084
1293 0.000100
1295 0.000084
1296 0.000084
1297 0.000084
1298 0.000084
1299 0.000084
1300 0.000083
1301 0.000084
1302 0.000084
1303 0.000084
1304 0.000084
1305 0.000084
1306 0.000083
1307 0.000084
1308 0.000084
1309 0.000084
1310 0.000084
1311 0.000084
1312 0.000084
1313 0.000083
1314 0.000084
1315 0.000084
1316 0.000084
1317 0.000084
1318 0.000084
1386 0.143517
1387 0.000083
1388 0.000084
1389 0.000084
1390 0.000084
1391 0.000084
1392 0.000100
1393 0.000084
1394 0.000650
1395 0.000167
1398 0.000167
1399 0.000084
1400 0.000100
1401 0.000167
1404 0.000167
1405 0.000084
1406 0.000084
1407 0.000084
1408 0.000100
1409 0.000167
1412 0.000168
1413 0.000083
1414 0.000084
1415 0.000084
1418 0.000250
1419 0.000084
1420 0.000084
1421 0.000084
1424 0.000250
1425 0.000084
1426 0.000084
1427 0.000084
1428 0.000083
1429 0.000084
1432 0.000250
1433 0.000084
1434 0.000084
1435 0.000084
1436 0.000084
1437 0.000084
1438 0.000084
1439 0.000083
1440 0.000084
1441 0.000084
1442 0.000084
1443 0.000084
1444 0.000084
1445 0.000083
1446 0.000101
1447 0.000084
1449 0.000084
1450 0.000084
1451 0.000083
1452 0.000084
1453 0.000084
1454 0.000084
1455 0.000084
1456 0.000084
1457 0.000083
1458 0.000084
1459 0.000084
1460 0.000084
1461 0.000084
1462 0.000084
1530 0.143433
1531 0.000084
1532 0.000084
1533 0.000084
1534 0.000084
1535 0.000084
1536 0.000100
1537 0.000084
1538 0.000733
1539 0.000167
1542 0.000167
1543 0.000084
1544 0.000100
1545 0.000167
1548 0.000167
1549 0.000084
1550 0.000084
1551 0.000084
1552 0.000101
1553 0.000167
1556 0.000167
1557 0.000083
1558 0.000084
1559 0.000084
1562 0.000250
1563 0.000084
1564 0.000084
1565 0.000084
1568 0.000250
1569 0.000084
1570 0.000084
1571 0.000084
1572 0.000083
1573 0.000084
1576 0.000251
1577 0.000083
1578 0.000084
1579 0.000084
1580 0.000084
1581 0.000084
1582 0.000084
1583 0.000083
1584 0.000084
1585 0.000084
1586 0.000084
1587 0.000084
1588 0.000084
1589 0.000083
1590 0.000084
1591 0.000084
1592 0.000084
1593 0.000084
1594 0.000084
1595 0.000084
1596 0.000083
1597 0.000084
1598 0.000084
1599 0.000101
1601 0.000084
1602 0.000083
1603 0.000084
1604 0.000084
1605 0.000084
1606 0.000084
1674 0.143350
1675 0.000084
1676 0.000084
1677 0.000084
1678 0.000084
1679 0.000083
1680 0.000101
1681 0.000084
1682 0.000816
1683 0.000167
1686 0.000167
1687 0.000084
1688 0.000100
1689 0.000167
1692 0.000167
1693 0.000084
1694 0.000084
1695 0.000084
1696 0.000101
1697 0.000167
1700 0.000167
1701 0.000084
1702 0.000083
1703 0.000084
1706 0.000250
1707 0.000084
1708 0.000084
1709 0.000084
1712 0.000250
1713 0.000084
1714 0.000084
1715 0.000084
1716 0.000084
1717 0.000083
1720 0.000251
1721 0.000083
1722 0.000084
1723 0.000084
1724 0.000084
1725 0.000084
1726 0.000084
1727 0.000084
1728 0.000083
1729 0.000084
1730 0.000084
1731 0.000084
1732 0.000084
1733 0.000084
1734 0.000083
1735 0.000084
1736 0.000084
1737 0.000084
1738 0.000084
1739 0.000084
1740 0.000083
1741 0.000084
1742 0.000084
1743 0.000084
1744 0.000084
1745 0.000084
1746 0.000083
1747 0.000084
1748 0.000084
1749 0.000084
1818 0.143284
1819 0.000084
1820 0.000084
1821 0.000084
1822 0.000084
1823 0.000083
1824 0.000101
1825 0.000084
1826 0.000899
1827 0.000167
1830 0.000167
1831 0.000084
1832 0.000100
1833 0.000167
1836 0.000168
1837 0.000083
1838 0.000084
1839 0.000084
1840 0.000101
1841 0.000167
1844 0.000167
1845 0.000084
1846 0.000083
1847 0.000084
1850 0.000251
1851 0.000083
1852 0.000084
1853 0.000084
1856 0.000250
1857 0.000084
1858 0.000084
1859 0.000084
1860 0.000084
1861 0.000083
1864 0.000251
1865 0.000084
1866 0.000083
1867 0.000084
1868 0.000084
1869 0.000084
1870 0.000084
1871 0.000084
1872 0.000083
1873 0.000084
1874 0.000084
1875 0.000084
1876 0.000084
1877 0.000084
1878 0.000083
1879 0.000084
1880 0.000084
1881 0.000084
1882 0.000084
1883 0.000084
1884 0.000084
1885 0.000083
1886 0.000084
1887 0.000084
1888 0.000084
1889 0.000084
1890 0.000084
1891 0.000083
1892 0.000084
1893 0.000084
1961 0.143201
1962 0.000084
1963 0.000084
1964 0.000084
1965 0.000083
1966 0.000084
1967 0.000101
1968 0.000101
1970 0.000965
1971 0.000167
1974 0.000167
1975 0.000084
1976 0.000101
1977 0.000167
1980 0.000167
1981 0.000083
1982 0.000084
1983 0.000084
1984 0.000101
1985 0.000167
1988 0.000167
1989 0.000084
1990 0.000084
1991 0.000083
1994 0.000251
1995 0.000083
1996 0.000084
1997 0.000084
2000 0.000250
2001 0.000084
2002 0.000084
2003 0.000084
2004 0.000084
2005 0.000084
2008 0.000250
2009 0.000084
2010 0.000083
2011 0.000084
2012 0.000084
2013 0.000084
2014 0.000084
2015 0.000084
2016 0.000084
2017 0.000083
2018 0.000084
2019 0.000084
2020 0.000084
2021 0.000084
2022 0.000084
2023 0.000083
2024 0.000084
2025 0.000084
2026 0.000084
2027 0.000084
2028 0.000084
2029 0.000083
2030 0.000084
2031 0.000084
2032 0.000084
2033 0.000084
2034 0.000084
2035 0.000083
2036 0.000084
2037 0.000084
2105 0.143118
2106 0.000084
2107 0.000084
2108 0.000083
2109 0.000084
2110 0.000084
2111 0.000118
2112 0.000083
2114 0.001049
2115 0.000167
2118 0.000167
2119 0.000084
2120 0.000101
2121 0.000167
2124 0.000167
2125 0.000084
2126 0.000083
2127 0.000084
2128 0.000101
2129 0.000167
2132 0.000167
2133 0.000084
2134 0.000084
2135 0.000083
2138 0.000251
2139 0.000084
2140 0.000083
2141 0.000084
2144 0.000250
2145 0.000084
2146 0.000084
2147 0.000084
2148 0.000084
2149 0.000084
2152 0.000250
2153 0.000084
2154 0.000084
2155 0.000083
2156 0.000084
2157 0.000084
2158 0.000084
2159 0.000084
2160 0.000084
2161 0.000083
2162 0.000084
2163 0.000084
2164 0.000084
2165 0.000084
2166 0.000084
2167 0.000083
2168 0.000084
2169 0.000084
2170 0.000084
2171 0.000084
2172 0.000084
2173 0.000084
2174 0.000083
2175 0.000084
2176 0.000084
2177 0.000084
2178 0.000084
2179 0.000084
2180 0.000083
2181 0.000084
2249 0.143035
2250 0.000084
2251 0.000083
2252 0.000084
2253 0.000084
2254 0.000084
2255 0.000117
2256 0.000084
2257 0.001132
2258 0.000167
2261 0.000167
2262 0.000084
2263 0.000114
2264 0.000167
2268 0.000167
2269 0.000084
2270 0.000084
2271 0.000084
2272 0.000087
2273 0.000167
2276 0.000167
2277 0.000084
2278 0.000084
2279 0.000084
2282 0.000250
2283 0.000084
2284 0.000083
2285 0.000084
2288 0.000251
2289 0.000083
2290 0.000084
2291 0.000084
2292 0.000084
2293 0.000084
2296 0.000250
2297 0.000084
2298 0.000084
2299 0.000083
2300 0.000084
2301 0.000084
2302 0.000084
2303 0.000084
2304 0.000084
2305 0.000084
2306 0.000083
2307 0.000084
2308 0.000084
2309 0.000084
2310 0.000084
2311 0.000084
2312 0.000083
2313 0.000084
2314 0.000084
2315 0.000084
2316 0.000084
2317 0.000084
2318 0.000083
2319 0.000084
2320 0.000084
2321 0.000084
2322 0.000084
2323 0.000084
2324 0.000083
2325 0.000084
2393 0.142952
2394 0.000084
2395 0.000083
2396 0.000084
2397 0.000084
2398 0.000084
2399 0.000117
2400 0.000084
2401 0.001215
2402 0.000167
2405 0.000167
2406 0.000084
2407 0.000114
2408 0.000167
2411 0.000167
2412 0.000084
2413 0.000084
2414 0.000084
2415 0.000087
2416 0.000184
2420 0.000167
2421 0.000084
2422 0.000084
2423 0.000083
2426 0.000251
2427 0.000083
2428 0.000084
2429 0.000084
2432 0.000250
2433 0.000084
2434 0.000084
2435 0.000084
2436 0.000084
2437 0.000084
2440 0.000250
2441 0.000084
2442 0.000084
2443 0.000083
2444 0.000084
2445 0.000084
2446 0.000084
2447 0.000084
2448 0.000084
2449 0.000083
2450 0.000084
2451 0.000084
2452 0.000084
2453 0.000084
2454 0.000084
2455 0.000083
2456 0.000084
2457 0.000084
2458 0.000084
2459 0.000084
2460 0.000084
2461 0.000083
2462 0.000084
2463 0.000084
2464 0.000084
2465 0.000084
2466 0.000084
2467 0.000084
2468 0.000083
2469 0.000084
2537 0.142852
2538 0.000083
2539 0.000084
2540 0.000084
2541 0.000084
2542 0.000084
2543 0.000117
2544 0.000084
2545 0.001298
2546 0.000167
2549 0.000167
2550 0.000084
2551 0.000114
2552 0.000167
2555 0.000168
2556 0.000083
2557 0.000084
2558 0.000084
2559 0.000104
2560 0.000167
2563 0.000167
2564 0.000084
2565 0.000084
2566 0.000083
2569 0.000251
2570 0.000100
2572 0.000084
2573 0.000084
2576 0.000250
2577 0.000084
2578 0.000084
2579 0.000084
2580 0.000084
2581 0.000083
2584 0.000251
2585 0.000084
2586 0.000083
2587 0.000084
2588 0.000084
2589 0.000084
2590 0.000084
2591 0.000084
2592 0.000083
2593 0.000084
2594 0.000084
2595 0.000084
2596 0.000084
2597 0.000084
2598 0.000083
2599 0.000084
2600 0.000084
2601 0.000084
2602 0.000084
2603 0.000084
2604 0.000084
2605 0.000083
2606 0.000084
2607 0.000084
2608 0.000084
2609 0.000084
2610 0.000084
2611 0.000083
2612 0.000084
2613 0.000084
2681 0.142751
2682 0.000084
2683 0.000084
2684 0.000084
2685 0.000084
2686 0.000084
2687 0.000117
2688 0.000084
2689 0.001381
2690 0.000167
2693 0.000167
2694 0.000084
2695 0.000115
2696 0.000167
2699 0.000167
2700 0.000083
2701 0.000084
2702 0.000084
2703 0.000104
2704 0.000167
2707 0.000167
2708 0.000084
2709 0.000084
2710 0.000084
2713 0.000250
2714 0.000084
2715 0.000083
2716 0.000084
2719 0.000251
2720 0.000083
2721 0.000084
2722 0.000084
2723 0.000101
2724 0.000084
2728 0.000250
2729 0.000084
2730 0.000083
2731 0.000084
2732 0.000084
2733 0.000084
2734 0.000084
2735 0.000084
2736 0.000084
2737 0.000083
2738 0.000084
2739 0.000084
2740 0.000084
2741 0.000084
2742 0.000084
2743 0.000083
2744 0.000084
2745 0.000084
2746 0.000084
2747 0.000084
2748 0.000084
2749 0.000083
2750 0.000084
2751 0.000084
2752 0.000084
2753 0.000084
2754 0.000084
2755 0.000083
2756 0.000084
2757 0.000084
2825 0.142668
2826 0.000084
2827 0.000084
2828 0.000084
2829 0.000084
2830 0.000084
2831 0.000117
2832 0.000084
2833 0.001464
2834 0.000167
2837 0.000168
2838 0.000083
2839 0.000115
2840 0.000167
2843 0.000167
2844 0.000084
2845 0.000083
2846 0.000084
2847 0.000104
2848 0.000167
2851 0.000167
2852 0.000084
2853 0.000084
2854 0.000084
2857 0.000250
2858 0.000084
2859 0.000084
2860 0.000083
2863 0.000251
2864 0.000083
2865 0.000084
2866 0.000084
2867 0.000084
2868 0.000084
2871 0.000250
2872 0.000084
2873 0.000084
2874 0.000084
2875 0.000083
2876 0.000084
2878 0.000101
2879 0.000084
2880 0.000084
2881 0.000083
2882 0.000084
2883 0.000084
2884 0.000084
2885 0.000084
2886 0.000084
2887 0.000083
2888 0.000084
2889 0.000084
2890 0.000084
2891 0.000084
2892 0.000084
2893 0.000084
2894 0.000083
2895 0.000084
2896 0.000084
2897 0.000084
2898 0.000084
2899 0.000084
2900 0.000083
2901 0.000084
2969 0.142585
2970 0.000084
2971 0.000084
2972 0.000084
2973 0.000084
2974 0.000083
2975 0.000118
2976 0.000084
2977 0.001548
2978 0.000167
2981 0.000167
2982 0.000083
2983 0.000115
2984 0.000167
2987 0.000167
2988 0.000084
2989 0.000083
2990 0.000084
2991 0.000104
2992 0.000167
2995 0.000167
2996 0.000084
2997 0.000084
2998 0.000084
3001 0.000250
3002 0.000084
3003 0.000084
3004 0.000083
3007 0.000251
3008 0.000084
3009 0.000083
3010 0.000084
3011 0.000084
3012 0.000084
3015 0.000250
3016 0.000084
3017 0.000084
3018 0.000084
3019 0.000084
3020 0.000083
3021 0.000084
3022 0.000084
3023 0.000084
3024 0.000084
3025 0.000084
3026 0.000083
3027 0.000084
3028 0.000084
3029 0.000084
3030 0.000101
3032 0.000083
3033 0.000084
3034 0.000084
3035 0.000084
3036 0.000084
3037 0.000084
3038 0.000083
3039 0.000084
3040 0.000084
3041 0.000084
3042 0.000084
3043 0.000084
3044 0.000083
3045 0.000084
3113 0.142502
3114 0.000084
3115 0.000084
3116 0.000084
3117 0.000083
3118 0.000084
3119 0.000118
3120 0.000084
3121 0.001631
3122 0.000167
3125 0.000167
3126 0.000084
3127 0.000114
3128 0.000167
3131 0.000167
3132 0.000084
3133 0.000084
3134 0.000083
3135 0.000104
3136 0.000167
3139 0.000167
3140 0.000084
3141 0.000084
3142 0.000084
3145 0.000250
3146 0.000084
3147 0.000084
3148 0.000084
3151 0.000250
3152 0.000084
3153 0.000083
3154 0.000084
3155 0.000084
3156 0.000084
3159 0.000250
3160 0.000084
3161 0.000084
3162 0.000084
3163 0.000084
3164 0.000083
3165 0.000084
3166 0.000084
3167 0.000084
3168 0.000084
3169 0.000084
3170 0.000083
3171 0.000084
3172 0.000084
3173 0.000084
3174 0.000084
3175 0.000084
3176 0.000084
3177 0.000083
3178 0.000084
3179 0.000084
3180 0.000084
3181 0.000084
3182 0.000084
3183 0.000100
3184 0.000084
3186 0.000084
3187 0.000084
3188 0.000084
3189 0.000083
3257 0.142419
3258 0.000084
3259 0.000084
3260 0.000083
3261 0.000084
3262 0.000084
3263 0.000118
3264 0.000083
3265 0.001715
3266 0.000167
3269 0.000167
3270 0.000084
3271 0.000114
3272 0.000167
3275 0.000167
3276 0.000084
3277 0.000084
3278 0.000083
3279 0.000104
3280 0.000167
3283 0.000167
3284 0.000084
3285 0.000084
3286 0.000084
3289 0.000250
3290 0.000084
3291 0.000084
3292 0.000084
3295 0.000250
3296 0.000084
3297 0.000084
3298 0.000083
3299 0.000084
3300 0.000084
3303 0.000250
3304 0.000084
3305 0.000084
3306 0.000084
3307 0.000084
3308 0.000084
3309 0.000083
3310 0.000084
3311 0.000084
3312 0.000084
3313 0.000084
3314 0.000084
3315 0.000083
3316 0.000084
3317 0.000084
3318 0.000084
3319 0.000084
3320 0.000084
3321 0.000083
3322 0.000084
3323 0.000084
3324 0.000084
3325 0.000084
3326 0.000084
3327 0.000083
3328 0.000084
3329 0.000084
3330 0.000084
3331 0.000084
3332 0.000084
3400 0.142352
3401 0.000084
3402 0.000084
3403 0.000083
3404 0.000084
3405 0.000084
3406 0.000117
3407 0.000084
3409 0.001798
3410 0.000167
3413 0.000167
3414 0.000084
3415 0.000114
3416 0.000167
3419 0.000167
3420 0.000084
3421 0.000084
3422 0.000084
3423 0.000103
3424 0.000167
3427 0.000167
3428 0.000084
3429 0.000084
3430 0.000084
3433 0.000250
3434 0.000084
3435 0.000084
3436 0.000084
3439 0.000250
3440 0.000084
3441 0.000084
3442 0.000083
3443 0.000084
3444 0.000084
3447 0.000250
3448 0.000084
3449 0.000084
3450 0.000084
3451 0.000084
3452 0.000084
3453 0.000083
3454 0.000084
3455 0.000084
3456 0.000084
3457 0.000084
3458 0.000084
3459 0.000083
3460 0.000084
3461 0.000084
3462 0.000084
3463 0.000084
3464 0.000084
3465 0.000084
3466 0.000083
3467 0.000084
3468 0.000084
3469 0.000084
3470 0.000084
3471 0.000084
3472 0.000083
3473 0.000084
3474 0.000084
3475 0.000084
3476 0.000084
3544 0.142269
3545 0.000084
3546 0.000083
3547 0.000084
3548 0.000084
3549 0.000084
3550 0.000117
3551 0.000084
3553 0.001881
3554 0.000167
3557 0.000167
3558 0.000084
3559 0.000114
3560 0.000167
3563 0.000167
3564 0.000084
3565 0.000084
3566 0.000084
3567 0.000103
3568 0.000167
3571 0.000168
3572 0.000083
3573 0.000084
3574 0.000084
3577 0.000250
3578 0.000084
3579 0.000084
3580 0.000084
3583 0.000250
3584 0.000084
3585 0.000084
3586 0.000084
3587 0.000083
3588 0.000084
3591 0.000250
3592 0.000084
3593 0.000084
3594 0.000084
3595 0.000084
3596 0.000084
3597 0.000084
3598 0.000083
3599 0.000084
3600 0.000084
3601 0.000084
3602 0.000084
3603 0.000084
3604 0.000083
3605 0.000084
3606 0.000084
3607 0.000084
3608 0.000084
3609 0.000084
3610 0.000083
3611 0.000084
3612 0.000084
3613 0.000084
3614 0.000084
3615 0.000084
3616 0.000083
3617 0.000084
3618 0.000084
3619 0.000084
3620 0.000084
3688 0.142186
3689 0.000083
3690 0.000084
3691 0.000084
3692 0.000084
3693 0.000084
3694 0.000117
3695 0.000084
3697 0.001964
3698 0.000167
3701 0.000167
3702 0.000084
3703 0.000114
3704 0.000167
3707 0.000167
3708 0.000084
3709 0.000084
3710 0.000084
3711 0.000104
3712 0.000167
3715 0.000167
3716 0.000083
3717 0.000084
3718 0.000084
3721 0.000250
3722 0.000084
3723 0.000084
3724 0.000084
3727 0.000250
3728 0.000084
3729 0.000084
3730 0.000084
3731 0.000083
3732 0.000084
3735 0.000251
3736 0.000083
3737 0.000084
3738 0.000084
3739 0.000084
3740 0.000084
3741 0.000084
3742 0.000083
3743 0.000084
3744 0.000084
3745 0.000084
3746 0.000084
3747 0.000084
3748 0.000083
3749 0.000084
3750 0.000084
3751 0.000084
3752 0.000084
3753 0.000084
3754 0.000084
3755 0.000083
3756 0.000084
3757 0.000084
3758 0.000084
3759 0.000084
3760 0.000084
3761 0.000083
3762 0.000084
3763 0.000084
3764 0.000084
3832 0.142102
3833 0.000084
3834 0.000084
3835 0.000084
3836 0.000084
3837 0.000084
3838 0.000117
3839 0.000084
3840 0.002047
3841 0.000167
3844 0.000167
3845 0.000084
3846 0.000114
3847 0.000184
3851 0.000167
3852 0.000084
3853 0.000084
3854 0.000084
3855 0.000087
3856 0.000167
3859 0.000167
3860 0.000084
3861 0.000083
3862 0.000084
3865 0.000250
3866 0.000084
3867 0.000084
3868 0.000084
3871 0.000250
3872 0.000084
3873 0.000084
3874 0.000084
3875 0.000084
3876 0.000083
3879 0.000251
3880 0.000083
3881 0.000084
3882 0.000084
3883 0.000084
3884 0.000084
3885 0.000084
3886 0.000084
3887 0.000083
3888 0.000084
3889 0.000084
3890 0.000084
3891 0.000084
3892 0.000084
3893 0.000083
3894 0.000084
3895 0.000084
3896 0.000084
3897 0.000084
3898 0.000084
3899 0.000083
3900 0.000084
3901 0.000084
3902 0.000084
3903 0.000084
3904 0.000084
3905 0.000083
3906 0.000084
3907 0.000084
3908 0.000084
3976 0.142019
3977 0.000084
3978 0.000084
3979 0.000084
3980 0.000084
3981 0.000084
3982 0.000117
3983 0.000084
3984 0.002130
3985 0.000167
3988 0.000167
3989 0.000084
3990 0.000131
3991 0.000167
3994 0.000167
3995 0.000084
3996 0.000084
3997 0.000084
3998 0.000087
3999 0.000167
4003 0.000184
4004 0.000083
4005 0.000084
4006 0.000084
4009 0.000250
4010 0.000084
4011 0.000084
4012 0.000084
4015 0.000250
4016 0.000084
4017 0.000084
4018 0.000084
4019 0.000083
4020 0.000084
4023 0.000251
4024 0.000083
4025 0.000084
4026 0.000084
4027 0.000084
4028 0.000084
4029 0.000084
4030 0.000083
4031 0.000084
4032 0.000084
4033 0.000084
4034 0.000084
4035 0.000084
4036 0.000083
4037 0.000084
4038 0.000084
4039 0.000084
4040 0.000084
4041 0.000084
4042 0.000083
4043 0.000084
4044 0.000084
4045 0.000084
4046 0.000084
4047 0.000084
4048 0.000084
4049 0.000083
4050 0.000084
4051 0.000084
4052 0.000084
4120 0.141919
4121 0.000084
4122 0.000084
4123 0.000084
4124 0.000084
4125 0.000083
4126 0.000118
4127 0.000084
4128 0.002213
4129 0.000167
4132 0.000167
4133 0.000084
4134 0.000131
4135 0.000167
4138 0.000167
4139 0.000084
4140 0.000084
4141 0.000084
4142 0.000087
4143 0.000084
4146 0.000250
4147 0.000084
4148 0.000084
4149 0.000083
4152 0.000251
4153 0.000083
4154 0.000101
4155 0.000084
4159 0.000250
4160 0.000084
4161 0.000084
4162 0.000084
4163 0.000084
4164 0.000083
4167 0.000251
4168 0.000083
4169 0.000084
4170 0.000084
4171 0.000084
4172 0.000084
4173 0.000084
4174 0.000083
4175 0.000084
4176 0.000084
4177 0.000084
4178 0.000084
4179 0.000084
4180 0.000084
4181 0.000083
4182 0.000084
4183 0.000084
4184 0.000084
4185 0.000084
4186 0.000084
4187 0.000083
4188 0.000084
4189 0.000084
4190 0.000084
4191 0.000084
4192 0.000084
4193 0.000083
4194 0.000084
4195 0.000084
4196 0.000084
4264 0.141836
4265 0.000084
4266 0.000084
4267 0.000084
4268 0.000083
4269 0.000084
4270 0.000118
4271 0.000084
4272 0.002296
4273 0.000167
4276 0.000167
4277 0.000084
4278 0.000131
4279 0.000167
4282 0.000167
4283 0.000084
4284 0.000084
4285 0.000084
4286 0.000084
4287 0.000083
4290 0.000251
4291 0.000084
4292 0.000083
4293 0.000084
4296 0.000250
4297 0.000084
4298 0.000084
4299 0.000084
4302 0.000250
4303 0.000084
4304 0.000084
4305 0.000084
4306 0.000084
4307 0.000100
4311 0.000250
4312 0.000084
4313 0.000084
4314 0.000084
4315 0.000084
4316 0.000084
4317 0.000084
4318 0.000083
4319 0.000084
4320 0.000084
4321 0.000084
4322 0.000084
4323 0.000084
4324 0.000083
4325 0.000084
4326 0.000084
4327 0.000084
4328 0.000084
4329 0.000084
4330 0.000083
4331 0.000084
4332 0.000084
4333 0.000084
4334 0.000084
4335 0.000084
4336 0.000083
4337 0.000084
4338 0.000084
4339 0.000084
4340 0.000084
4408 0.141756
4409 0.000084
4410 0.000084
4411 0.000084
4412 0.000083
4413 0.000084
4414 0.000118
4415 0.000083
4416 0.002380
4417 0.000167
4420 0.000167
4421 0.000084
4422 0.000131
4423 0.000167
4426 0.000167
4427 0.000084
4428 0.000084
4429 0.000084
4430 0.000084
4431 0.000084
4434 0.000250
4435 0.000084
4436 0.000083
4437 0.000084
4440 0.000251
4441 0.000083
4442 0.000084
4443 0.000084
4446 0.000250
4447 0.000084
4448 0.000084
4449 0.000084
4450 0.000084
4451 0.000084
4454 0.000250
4455 0.000084
4456 0.000083
4457 0.000084
4458 0.000084
4459 0.000084
4460 0.000084
4461 0.000100
4463 0.000084
4464 0.000084
4465 0.000084
4466 0.000084
4467 0.000084
4468 0.000083
4469 0.000084
4470 0.000084
4471 0.000084
4472 0.000084
4473 0.000084
4474 0.000084
4475 0.000083
4476 0.000084
4477 0.000084
4478 0.000084
4479 0.000084
4480 0.000084
4481 0.000083
4482 0.000084
4483 0.000084
4484 0.000084
4552 0.141673
4553 0.000084
4554 0.000084
4555 0.000083
4556 0.000084
4557 0.000084
4558 0.000118
4559 0.000083
4560 0.002463
4561 0.000167
4564 0.000167
4565 0.000084
4566 0.000131
4567 0.000167
4570 0.000167
4571 0.000084
4572 0.000084
4573 0.000084
4574 0.000084
4575 0.000084
4578 0.000250
4579 0.000084
4580 0.000084
4581 0.000083
4584 0.000251
4585 0.000083
4586 0.000084
4587 0.000084
4590 0.000250
4591 0.000084
4592 0.000084
4593 0.000084
4594 0.000084
4595 0.000084
4598 0.000250
4599 0.000084
4600 0.000084
4601 0.000083
4602 0.000084
4603 0.000084
4604 0.000084
4605 0.000084
4606 0.000084
4607 0.000083
4608 0.000084
4609 0.000084
4610 0.000084
4611 0.000084
4612 0.000084
4613 0.000083
4614 0.000101
4615 0.000084
4617 0.000084
4618 0.000084
4619 0.000083
4620 0.000084
4621 0.000084
4622 0.000084
4623 0.000084
4624 0.000084
4625 0.000083
4626 0.000084
4627 0.000084
4628 0.000084
4695 0.141590
4696 0.000084
4698 0.000083
4699 0.000084
4700 0.000084
4701 0.000084
4702 0.000117
4703 0.000084
4704 0.002546
4705 0.000168
4708 0.000167
4709 0.000083
4710 0.000131
4711 0.000167
4714 0.000168
4715 0.000083
4716 0.000084
4717 0.000084
4718 0.000084
4719 0.000084
4722 0.000250
4723 0.000084
4724 0.000084
4725 0.000083
4728 0.000251
4729 0.000084
4730 0.000083
4731 0.000084
4734 0.000250
4735 0.000084
4736 0.000084
4737 0.000084
4738 0.000084
4739 0.000084
4742 0.000250
4743 0.000084
4744 0.000084
4745 0.000083
4746 0.000084
4747 0.000084
4748 0.000084
4749 0.000084
4750 0.000084
4751 0.000083
4752 0.000084
4753 0.000084
4754 0.000084
4755 0.000084
4756 0.000084
4757 0.000084
4758 0.000083
4759 0.000084
4760 0.000084
4761 0.000084
4762 0.000084
4763 0.000084
4764 0.000083
4765 0.000084
4766 0.000084
4767 0.000101
4769 0.000084
4770 0.000083
4771 0.000084
4772 0.000084
4839 0.141507
4840 0.000083
4841 0.000084
4842 0.000084
4843 0.000084
4844 0.000084
4845 0.000117
4846 0.000084
4848 0.002630
4849 0.000167
4852 0.000167
4853 0.000083
4854 0.000132
4855 0.000167
4858 0.000167
4859 0.000083
4860 0.000084
4861 0.000084
4862 0.000084
4863 0.000084
4866 0.000250
4867 0.000084
4868 0.000084
4869 0.000084
4872 0.000250
4873 0.000084
4874 0.000083
4875 0.000084
4878 0.000251
4879 0.000083
4880 0.000084
4881 0.000084
4882 0.000084
4883 0.000084
4886 0.000250
4887 0.000084
4888 0.000084
4889 0.000084
4890 0.000083
4891 0.000084
4892 0.000084
4893 0.000084
4894 0.000084
4895 0.000084
4896 0.000083
4897 0.000084
4898 0.000084
4899 0.000084
4900 0.000084
4901 0.000084
4902 0.000083
4903 0.000084
4904 0.000084
4905 0.000084
4906 0.000084
4907 0.000084
4908 0.000083
4909 0.000084
4910 0.000084
4911 0.000084
4912 0.000084
4913 0.000084
4914 0.000084
4915 0.000083
4983 0.141441
4984 0.000083
4985 0.000084
4986 0.000084
4987 0.000084
4988 0.000084
4989 0.000117
4990 0.000084
4992 0.002713
4993 0.000167
4996 0.000167
4997 0.000084
4998 0.000131
4999 0.000167
5002 0.000167
5003 0.000084
5004 0.000083
5005 0.000084
5006 0.000084
5007 0.000084
5010 0.000250
5011 0.000084
5012 0.000084
5013 0.000084
5016 0.000250
5017 0.000084
5018 0.000084
5019 0.000083
5022 0.000251
5023 0.000083
5024 0.000084
5025 0.000084
5026 0.000084
5027 0.000084
5030 0.000250
5031 0.000084
5032 0.000084
5033 0.000084
5034 0.000083
5035 0.000084
5036 0.000084
5037 0.000084
5038 0.000084
5039 0.000084
5040 0.000083
5041 0.000084
5042 0.000084
5043 0.000084
5044 0.000084
5045 0.000084
5046 0.000084
5047 0.000083
5048 0.000084
5049 0.000084
5050 0.000084
5051 0.000084
5052 0.000084
5053 0.000083
5054 0.000084
5055 0.000084
5056 0.000084
5057 0.000084
5058 0.000084
5059 0.000083
5127 0.141357
5128 0.000084
5129 0.000084
5130 0.000084
5131 0.000084
5132 0.000084
5133 0.000117
5134 0.000084
5136 0.002796
5137 0.000167
5140 0.000167
5141 0.000084
5142 0.000131
5143 0.000167
5146 0.000167
5147 0.000084
5148 0.000083
5149 0.000084
5150 0.000084
5151 0.000084
5154 0.000250
5155 0.000084
5156 0.000084
5157 0.000084
5160 0.000250
5161 0.000084
5162 0.000084
5163 0.000083
5166 0.000251
5167 0.000084
5168 0.000083
5169 0.000084
5170 0.000084
5171 0.000084
5174 0.000250
5175 0.000084
5176 0.000084
5177 0.000084
5178 0.000084
5179 0.000083
5180 0.000084
5181 0.000084
5182 0.000084
5183 0.000084
5184 0.000084
5185 0.000083
5186 0.000084
5187 0.000084
5188 0.000084
5189 0.000084
5190 0.000084
5191 0.000083
5192 0.000084
5193 0.000084
5194 0.000084
5195 0.000084
5196 0.000084
5197 0.000083
5198 0.000084
5199 0.000084
5200 0.000084
5201 0.000084
5202 0.000084
5203 0.000084
5271 0.141273
5272 0.000084
5273 0.000084
5274 0.000084
5275 0.000084
5276 0.000083
5277 0.000118
5278 0.000084
5280 0.002879
5281 0.000167
5284 0.000167
5285 0.000084
5286 0.000131
5287 0.000167
5290 0.000167
5291 0.000084
5292 0.000084
5293 0.000083
5294 0.000084
5295 0.000084
5298 0.000250
5299 0.000084
5300 0.000084
5301 0.000084
5304 0.000250
5305 0.000084
5306 0.000084
5307 0.000084
5310 0.000250
5311 0.000084
5312 0.000083
5313 0.000084
5314 0.000084
5315 0.000084
5318 0.000250
5319 0.000084
5320 0.000084
5321 0.000084
5322 0.000084
5323 0.000083
5324 0.000084
5325 0.000084
5326 0.000084
5327 0.000084
5328 0.000084
5329 0.000083
5330 0.000084
5331 0.000084
5332 0.000084
5333 0.000084
5334 0.000084
5335 0.000084
5336 0.000083
5337 0.000084
5338 0.000084
5339 0.000084
5340 0.000084
5341 0.000084
5342 0.000083
5343 0.000084
5344 0.000084
5345 0.000084
5346 0.000084
5347 0.000084
5415 0.141190
5416 0.000084
5417 0.000084
5418 0.000084
5419 0.000084
5420 0.000083
5421 0.000118
5422 0.000084
5423 0.002962
5424 0.000167
5427 0.000167
5428 0.000084
5429 0.000131
5430 0.000167
5434 0.000184
5435 0.000084
5436 0.000083
5437 0.000084
5438 0.000084
5439 0.000084
5442 0.000250
5443 0.000084
5444 0.000084
5445 0.000084
5448 0.000250
5449 0.000084
5450 0.000084
5451 0.000083
5454 0.000251
5455 0.000084
5456 0.000083
5457 0.000084
5458 0.000084
5459 0.000084
5462 0.000250
5463 0.000084
5464 0.000084
5465 0.000084
5466 0.000083
5467 0.000084
5468 0.000084
5469 0.000084
5470 0.000084
5471 0.000084
5472 0.000084
5473 0.000083
5474 0.000084
5475 0.000084
5476 0.000084
5477 0.000084
5478 0.000084
5479 0.000083
5480 0.000084
5481 0.000084
5482 0.000084
5483 0.000084
5484 0.000084
5485 0.000083
5486 0.000084
5487 0.000084
5488 0.000084
5489 0.000084
5490 0.000084
5491 0.000083
5559 0.141091
5560 0.000084
5561 0.000084
5562 0.000084
5563 0.000083
5564 0.000084
5565 0.000118
5566 0.000084
5567 0.003045
5568 0.000167
5571 0.000167
5572 0.000084
5573 0.000131
5574 0.000084
5577 0.000250
5578 0.000084
5579 0.000084
5580 0.000084
5581 0.000083
5582 0.000084
5585 0.000267
5586 0.000084
5588 0.000084
5589 0.000084
5592 0.000250
5593 0.000084
5594 0.000084
5595 0.000084
5598 0.000250
5599 0.000084
5600 0.000083
5601 0.000084
5602 0.000084
5603 0.000084
5606 0.000250
5607 0.000084
5608 0.000084
5609 0.000084
5610 0.000084
5611 0.000083
5612 0.000084
5613 0.000084
5614 0.000084
5615 0.000084
5616 0.000084
5617 0.000083
5618 0.000084
5619 0.000084
5620 0.000084
5621 0.000084
5622 0.000084
5623 0.000083
5624 0.000084
5625 0.000084
5626 0.000084
5627 0.000084
5628 0.000084
5629 0.000084
5630 0.000083
5631 0.000084
5632 0.000084
5633 0.000084
5634 0.000084
5635 0.000084
5703 0.141007
5704 0.000084
5705 0.000084
5706 0.000083
5707 0.000084
5708 0.000084
5709 0.000118
5710 0.000083
5711 0.003129
5712 0.000167
5715 0.000167
5716 0.000084
5717 0.000084
5718 0.000084
5721 0.000250
5722 0.000084
5723 0.000084
5724 0.000083
5725 0.000084
5726 0.000084
5729 0.000250
5730 0.000084
5731 0.000084
5732 0.000084
5735 0.000250
5736 0.000084
5737 0.000084
5738 0.000100
5742 0.000251
5743 0.000083
5744 0.000084
5745 0.000084
5746 0.000084
5747 0.000084
5750 0.000250
5751 0.000084
5752 0.000084
5753 0.000084
5754 0.000083
5755 0.000084
5756 0.000084
5757 0.000084
5758 0.000084
5759 0.000084
5760 0.000083
5761 0.000084
5762 0.000084
5763 0.000084
5764 0.000084
5765 0.000084
5766 0.000084
5767 0.000083
5768 0.000084
5769 0.000084
5770 0.000084
5771 0.000084
5772 0.000084
5773 0.000083
5774 0.000084
5775 0.000084
5776 0.000084
5777 0.000084
5778 0.000084
5779 0.000083
5847 0.140972
5848 0.000084
5849 0.000083
5850 0.000084
5851 0.000084
5852 0.000084
5853 0.000117
5854 0.000084
5855 0.003212
5856 0.000167
5859 0.000167
5860 0.000084
5861 0.000084
5862 0.000084
5865 0.000250
5866 0.000084
5867 0.000084
5868 0.000083
5869 0.000084
5870 0.000084
5873 0.000250
5874 0.000084
5875 0.000084
5876 0.000084
5879 0.000250
5880 0.000084
5881 0.000084
5882 0.000084
5885 0.000250
5886 0.000084
5887 0.000084
5888 0.000083
5889 0.000084
5890 0.000084
5894 0.000267
5895 0.000084
5896 0.000084
5897 0.000084
5898 0.000084
5899 0.000083
5900 0.000084
5901 0.000084
5902 0.000084
5903 0.000084
5904 0.000084
5905 0.000083
5906 0.000084
5907 0.000084
5908 0.000084
5909 0.000084
5910 0.000084
5911 0.000083
5912 0.000084
5913 0.000084
5914 0.000084
5915 0.000084
5916 0.000084
5917 0.000083
5918 0.000084
5919 0.000084
5920 0.000084
5921 0.000084
5922 0.000084
5923 0.000084
5975 0.140888
5976 0.000084
5977 0.000083
5978 0.000084
5979 0.000084
5980 0.000084
5981 0.000117
5982 0.000084
5983 0.003295
5984 0.000084
5985 0.000167
5986 0.000084
5987 0.000084
5988 0.000084
5989 0.000250
5990 0.000084
5991 0.000084
5992 0.000083
5993 0.000084
5994 0.000084
5995 0.000250
5996 0.000084
5997 0.000084
5998 0.000084
5999 0.000250
6000 0.000084
6001 0.000084
6002 0.000084
6003 0.000250
6004 0.000084
6005 0.000083
6006 0.000084
6007 0.000084
6008 0.000084
6009 0.000267
6010 0.000084
6011 0.000084
6012 0.000084
6013 0.000083
6014 0.000084
6015 0.000084
6016 0.000084
6017 0.000084
6018 0.000084
6019 0.000083
6020 0.000084
6021 0.000084
6022 0.000084
6023 0.000084
6024 0.000084
6025 0.000083
6026 0.000084
6027 0.000084
6028 0.000084
6029 0.000084
6030 0.000084
6031 0.000084
6032 0.000083
6033 0.000084
6034 0.000084
6035 0.000084
6036 0.000084
6037 0.000084
6038 0.000083
6071 0.140889
6072 0.000083
6073 0.000084
6074 0.000084
6075 0.000084
6076 0.000084
6077 0.000117
6078 0.000084
6079 0.003295
6080 0.000084
6081 0.000167
6082 0.000084
6083 0.000084
6084 0.000083
6085 0.000251
6086 0.000084
6087 0.000083
6088 0.000084
6089 0.000084
6090 0.000084
6091 0.000250
6092 0.000084
6093 0.000084
6094 0.000084
6095 0.000250
6096 0.000084
6097 0.000084
6098 0.000083
6099 0.000251
6100 0.000084
6101 0.000083
6102 0.000084
6103 0.000084
6104 0.000084
6105 0.000267
6106 0.000084
6107 0.000084
6108 0.000083
6109 0.000084
6110 0.000084
6111 0.000084
6112 0.000084
6113 0.000084
6114 0.000083
6115 0.000084
6116 0.000084
6117 0.000084
6118 0.000084
6119 0.000084
6120 0.000084
6121 0.000083
6122 0.000084
6123 0.000084
6124 0.000084
6125 0.000084
6126 0.000084
6127 0.000083
6128 0.000084
6129 0.000084
6130 0.000084
6131 0.000084
6132 0.000084
6133 0.000083
6134 0.000084
6167 0.140888
6168 0.000084
6169 0.000084
6170 0.000084
6171 0.000084
6172 0.000084
6173 0.000117
6174 0.000084
6175 0.003295
6176 0.000084
6177 0.000167
6178 0.000084
6179 0.000084
6180 0.000083
6181 0.000251
6182 0.000083
6183 0.000084
6184 0.000084
6185 0.000084
6186 0.000084
6187 0.000250
6188 0.000084
6189 0.000084
6190 0.000084
6191 0.000250
6192 0.000084
6193 0.000083
6194 0.000084
6195 0.000251
6196 0.000083
6197 0.000084
6198 0.000084
6199 0.000084
6200 0.000084
6201 0.000267
6202 0.000084
6203 0.000083
6204 0.000084
6205 0.000084
6206 0.000084
6207 0.000084
6208 0.000084
6209 0.000084
6210 0.000083
6211 0.000084
6212 0.000084
6213 0.000084
6214 0.000084
6215 0.000084
6216 0.000083
6217 0.000084
6218 0.000084
6219 0.000084
6220 0.000084
6221 0.000084
6222 0.000083
6223 0.000084
6224 0.000084
6225 0.000084
6226 0.000084
6227 0.000084
6228 0.000083
6229 0.000084
6230 0.000084
6263 0.140888
6264 0.000084
6265 0.000084
6266 0.000084
6267 0.000084
6268 0.000084
6269 0.000117
6270 0.000084
6271 0.003295
6272 0.000084
6273 0.000167
6274 0.000084
6275 0.000083
6276 0.000084
6277 0.000250
6278 0.000084
6279 0.000084
6280 0.000084
6281 0.000084
6282 0.000084
6283 0.000250
6284 0.000084
6285 0.000084
6286 0.000083
6287 0.000251
6288 0.000084
6289 0.000083
6290 0.000084
6291 0.000250
6292 0.000084
6293 0.000084
6294 0.000084
6295 0.000084
6296 0.000084
6297 0.000267
6298 0.000084
6299 0.000083
6300 0.000084
6301 0.000084
6302 0.000084
6303 0.000084
6304 0.000084
6305 0.000083
6306 0.000084
6307 0.000084
6308 0.000084
6309 0.000084
6310 0.000084
6311 0.000083
6312 0.000084
6313 0.000084
6314 0.000084
6315 0.000084
6316 0.000084
6317 0.000083
6318 0.000084
6319 0.000084
6320 0.000084
6321 0.000084
6322 0.000084
6323 0.000084
6324 0.000083
6325 0.000084
6326 0.000084
6359 0.140888
6360 0.000084
6361 0.000084
6362 0.000084
6363 0.000084
6364 0.000083
6365 0.000118
6366 0.000084
6367 0.003295
6368 0.000084
6369 0.000167
6370 0.000083
6371 0.000084
6372 0.000084
6373 0.000250
6374 0.000084
6375 0.000084
6376 0.000084
6377 0.000084
6378 0.000084
6379 0.000250
6380 0.000084
6381 0.000083
6382 0.000084
6383 0.000251
6384 0.000083
6385 0.000084
6386 0.000084
6387 0.000250
6388 0.000084
6389 0.000084
6390 0.000084
6391 0.000084
6392 0.000084
6393 0.000267
6394 0.000083
6395 0.000084
6396 0.000084
6397 0.000084
6398 0.000084
6399 0.000084
6400 0.000083
6401 0.000084
6402 0.000084
6403 0.000084
6404 0.000084
6405 0.000084
6406 0.000083
6407 0.000084
6408 0.000084
6409 0.000084
6410 0.000084
6411 0.000084
6412 0.000084
6413 0.000083
6414 0.000084
6415 0.000084
6416 0.000084
6417 0.000084
6418 0.000084
6419 0.000083
6420 0.000084
6421 0.000084
6422 0.000084
6455 0.140888
6456 0.000084
6457 0.000084
6458 0.000084
6459 0.000083
6460 0.000084
6461 0.000118
6462 0.000084
6463 0.003295
6464 0.000083
6465 0.000167
6466 0.000084
6467 0.000084
6468 0.000084
6469 0.000250
6470 0.000084
6471 0.000084
6472 0.000084
6473 0.000084
6474 0.000083
6475 0.000251
6476 0.000084
6477 0.000083
6478 0.000084
6479 0.000250
6480 0.000084
6481 0.000084
6482 0.000084
6483 0.000250
6484 0.000084
6485 0.000084
6486 0.000084
6487 0.000084
6488 0.000083
6489 0.000267
6490 0.000084
6491 0.000084
6492 0.000084
6493 0.000084
6494 0.000084
6495 0.000083
6496 0.000084
6497 0.000084
6498 0.000084
6499 0.000084
6500 0.000084
6501 0.000084
6502 0.000083
6503 0.000084
6504 0.000084
6505 0.000084
6506 0.000084
6507 0.000084
6508 0.000083
6509 0.000084
6510 0.000084
6511 0.000084
6512 0.000084
6513 0.000084
6514 0.000083
6515 0.000084
6516 0.000084
6517 0.000084
6518 0.000084
6551 0.140888
6552 0.000084
6553 0.000084
6554 0.000083
6555 0.000084
6556 0.000084
6557 0.000118
6558 0.000083
6559 0.003295
6560 0.000084
6561 0.000167
6562 0.000084
6563 0.000084
6564 0.000084
6565 0.000250
6566 0.000084
6567 0.000084
6568 0.000084
6569 0.000083
6570 0.000084
6571 0.000251
6572 0.000083
6573 0.000084
6574 0.000084
6575 0.000250
6576 0.000084
6577 0.000084
6578 0.000084
6579 0.000250
6580 0.000084
6581 0.000084
6582 0.000084
6583 0.000083
6584 0.000084
6585 0.000267
6586 0.000084
6587 0.000084
6588 0.000084
6589 0.000084
6590 0.000084
6591 0.000083
6592 0.000084
6593 0.000084
6594 0.000084
6595 0.000084
6596 0.000084
6597 0.000083
6598 0.000084
6599 0.000084
6600 0.000084
6601 0.000084
6602 0.000084
6603 0.000083
6604 0.000084
6605 0.000084
6606 0.000084
6607 0.000084
6608 0.000084
6609 0.000083
6610 0.000084
6611 0.000084
6612 0.000084
6613 0.000084
6614 0.000084
6647 0.140888
6648 0.000084
6649 0.000084
6650 0.000083
6651 0.000084
6652 0.000084
6653 0.000117
6654 0.000084
6655 0.003295
6656 0.000084
6657 0.000167
6658 0.000084
6659 0.000084
6660 0.000084
6661 0.000250
6662 0.000084
6663 0.000084
6664 0.000084
6665 0.000083
6666 0.000084
6667 0.000250
6668 0.000084
6669 0.000084
6670 0.000084
6671 0.000250
6672 0.000084
6673 0.000084
6674 0.000084
6675 0.000250
6676 0.000084
6677 0.000084
6678 0.000083
6679 0.000084
6680 0.000084
6681 0.000267
6682 0.000084
6683 0.000084
6684 0.000084
6685 0.000084
6686 0.000083
6687 0.000084
6688 0.000084
6689 0.000084
6690 0.000084
6691 0.000084
6692 0.000083
6693 0.000084
6694 0.000084
6695 0.000084
6696 0.000084
6697 0.000084
6698 0.000083
6699 0.000084
6700 0.000084
6701 0.000084
6702 0.000084
6703 0.000084
6704 0.000084
6705 0.000083
6706 0.000084
6707 0.000084
6708 0.000084
6709 0.000084
6710 0.000084
6743 0.140888
6744 0.000084
6745 0.000083
6746 0.000084
6747 0.000084
6748 0.000084
6749 0.000117
6750 0.000084
6751 0.003295
6752 0.000084
6753 0.000167
6754 0.000084
6755 0.000084
6756 0.000084
6757 0.000250
6758 0.000084
6759 0.000084
6760 0.000083
6761 0.000084
6762 0.000084
6763 0.000250
6764 0.000084
6765 0.000084
6766 0.000084
6767 0.000250
6768 0.000084
6769 0.000084
6770 0.000084
6771 0.000250
6772 0.000084
6773 0.000084
6774 0.000083
6775 0.000084
6776 0.000084
6777 0.000267
6778 0.000084
6779 0.000084
6780 0.000084
6781 0.000083
6782 0.000084
6783 0.000084
6784 0.000084
6785 0.000084
6786 0.000084
6787 0.000083
6788 0.000084
6789 0.000084
6790 0.000084
6791 0.000084
6792 0.000084
6793 0.000084
6794 0.000083
6795 0.000084
6796 0.000084
6797 0.000084
6798 0.000084
6799 0.000084
6800 0.000083
6801 0.000084
6802 0.000084
6803 0.000084
6804 0.000084
6805 0.000084
6806 0.000083
6839 0.140889
6840 0.000083
6841 0.000084
6842 0.000084
6843 0.000084
6844 0.000084
6845 0.000117
6846 0.000084
6847 0.003295
6848 0.000084
6849 0.000167
6850 0.000084
6851 0.000084
6852 0.000084
6853 0.000250
6854 0.000084
6855 0.000083
6856 0.000084
6857 0.000084
6858 0.000084
6859 0.000250
6860 0.000084
6861 0.000084
6862 0.000084
6863 0.000250
6864 0.000084
6865 0.000084
6866 0.000083
6867 0.000251
6868 0.000084
6869 0.000083
6870 0.000084
6871 0.000084
6872 0.000084
6873 0.000267
6874 0.000084
6875 0.000084
6876 0.000083
6877 0.000084
6878 0.000084
6879 0.000084
6880 0.000084
6881 0.000084
6882 0.000084
6883 0.000083
6884 0.000084
6885 0.000084
6886 0.000084
6887 0.000084
6888 0.000084
6889 0.000083
6890 0.000084
6891 0.000084
6892 0.000084
6893 0.000084
6894 0.000084
6895 0.000083
6896 0.000084
6897 0.000084
6898 0.000084
6899 0.000084
6900 0.000084
6901 0.000083
6902 0.000084
6935 0.140888
6936 0.000084
6937 0.000084
6938 0.000084
6939 0.000084
6940 0.000084
6941 0.000117
6942 0.000084
6943 0.003295
6944 0.000084
6945 0.000167
6946 0.000084
6947 0.000084
6948 0.000083
6949 0.000251
6950 0.000083
6951 0.000084
6952 0.000084
6953 0.000084
6954 0.000084
6955 0.000250
6956 0.000084
6957 0.000084
6958 0.000084
6959 0.000250
6960 0.000084
6961 0.000084
6962 0.000083
6963 0.000251
6964 0.000083
6965 0.000084
6966 0.000084
6967 0.000084
6968 0.000084
6969 0.000267
6970 0.000084
6971 0.000084
6972 0.000083
6973 0.000084
6974 0.000084
6975 0.000084
6976 0.000084
6977 0.000084
6978 0.000083
6979 0.000084
6980 0.000084
6981 0.000084
6982 0.000084
6983 0.000084
6984 0.000083
6985 0.000084
6986 0.000084
6987 0.000084
6988 0.000084
6989 0.000084
6990 0.000083
6991 0.000084
6992 0.000084
6993 0.000084
6994 0.000084
6995 0.000084
6996 0.000084
6997 0.000083
6998 0.000084
7031 0.140888
7032 0.000084
7033 0.000084
7034 0.000084
7035 0.000084
7036 0.000084
7037 0.000117
7038 0.000084
7039 0.003295
7040 0.000084
7041 0.000167
7042 0.000084
7043 0.000083
7044 0.000084
7045 0.000251
7046 0.000083
7047 0.000084
7048 0.000084
7049 0.000084
7050 0.000084
7051 0.000250
7052 0.000084
7053 0.000084
7054 0.000083
7055 0.000251
7056 0.000084
7057 0.000083
7058 0.000084
7059 0.000250
7060 0.000084
7061 0.000084
7062 0.000084
7063 0.000084
7064 0.000084
7065 0.000267
7066 0.000084
7067 0.000083
7068 0.000084
7069 0.000084
7070 0.000084
7071 0.000084
7072 0.000084
7073 0.000083
7074 0.000084
7075 0.000084
7076 0.000084
7077 0.000084
7078 0.000084
7079 0.000083
7080 0.000084
7081 0.000084
7082 0.000084
7083 0.000084
7084 0.000084
7085 0.000084
7086 0.000083
7087 0.000084
7088 0.000084
7089 0.000084
7090 0.000084
7091 0.000084
7092 0.000083
7093 0.000084
7094 0.000084
7127 0.140888
7128 0.000084
7129 0.000084
7130 0.000084
7131 0.000084
7132 0.000083
7133 0.000118
7134 0.000084
7135 0.003295
7136 0.000084
7137 0.000167
7138 0.000083
7139 0.000084
7140 0.000084
7141 0.000250
7142 0.000084
7143 0.000084
7144 0.000084
7145 0.000084
7146 0.000084
7147 0.000250
7148 0.000084
7149 0.000084
7150 0.000083
7151 0.000251
7152 0.000083
7153 0.000084
7154 0.000084
7155 0.000250
7156 0.000084
7157 0.000084
7158 0.000084
7159 0.000084
7160 0.000084
7161 0.000267
7162 0.000083
7163 0.000084
7164 0.000084
7165 0.000084
7166 0.000084
7167 0.000084
7168 0.000083
7169 0.000084
7170 0.000084
7171 0.000084
7172 0.000084
7173 0.000084
7174 0.000084
7175 0.000083
7176 0.000084
7177 0.000084
7178 0.000084
7179 0.000084
7180 0.000084
7181 0.000083
7182 0.000084
7183 0.000084
7184 0.000084
7185 0.000084
7186 0.000084
7187 0.000083
7188 0.000084
7189 0.000084
7190 0.000084
