0.500000 0.075161
0.650260 0.076688
0.802012 0.075098
0.952300 0.076844
0.952400 0.078421
0.952500 0.079998
0.952600 0.081575
1.104300 0.076844
1.104400 0.078421
1.107600 0.077234
1.107700 0.078811
1.107800 0.080388
1.256300 0.076844
1.256400 0.078421
1.256500 0.079998
1.256600 0.081575
1.258000 0.081852
1.259926 0.081602
1.408300 0.076844
1.410000 0.076844
1.411600 0.076921
1.413300 0.076898
1.415000 0.076875
1.560300 0.076844
1.560400 0.078421
1.560500 0.079998
1.560600 0.081575
1.563700 0.080152
1.563800 0.081728
1.567100 0.080441
1.714000 0.076844
1.714100 0.078421
1.717300 0.076898
1.717400 0.078475
1.717500 0.080052
1.720700 0.078864
1.720800 0.080441
1.722700 0.080218
1.866000 0.076844
1.867613 0.076908
1.872700 0.076844
1.874700 0.076844
1.876400 0.076844
1.878100 0.077157
2.018000 0.076844
2.024700 0.076844
2.024800 0.078421
2.024900 0.079998
2.025000 0.081575
2.028400 0.079852
2.028500 0.081428
2.170000 0.076844
2.170100 0.078421
2.178400 0.076844
2.178500 0.078421
2.181700 0.077234
2.181800 0.078811
2.181900 0.080388
2.185100 0.078864
2.185200 0.080441
2.323700 0.076844
2.323800 0.078421
2.332100 0.076844
2.332200 0.078421
2.335700 0.076844
2.335800 0.078421
2.335900 0.079998
2.336000 0.081575
2.339100 0.080152
2.339200 0.081728
2.475700 0.076844
2.475800 0.078421
2.484100 0.076844
2.484200 0.078421
2.487700 0.076844
2.487800 0.078421
2.491000 0.077234
2.491100 0.078811
2.494400 0.077188
2.494500 0.078764
2.494600 0.080341
2.627700 0.076844
2.627800 0.078421
2.636100 0.076844
2.636200 0.078421
2.639700 0.076844
2.639800 0.078421
2.643400 0.076844
2.643500 0.078421
2.646700 0.076898
2.646800 0.078475
2.646900 0.080052
2.647000 0.081628
2.650100 0.080205
2.650200 0.081782
2.781400 0.076844
2.781500 0.078421
2.789800 0.076844
2.789900 0.078421
2.793400 0.076934
2.793500 0.078511
2.797100 0.076844
2.797200 0.078421
2.800400 0.076898
2.800500 0.078475
2.803800 0.077188
2.803900 0.078764
2.804000 0.080341
2.807100 0.078918
2.807200 0.080495
2.935100 0.076844
2.935200 0.078421
2.943500 0.076844
2.943600 0.078421
2.947100 0.076934
2.947200 0.078511
2.950800 0.076844
2.950900 0.078421
2.954100 0.077234
2.954200 0.078811
2.957800 0.076888
2.957900 0.078464
2.958000 0.080041
2.961200 0.078854
2.961300 0.080431
3.087100 0.076844
3.087200 0.078757
3.095500 0.076844
3.095600 0.078757
3.099200 0.076844
3.099300 0.078421
3.102800 0.076844
3.102900 0.078421
3.106500 0.076844
3.106600 0.078421
3.109800 0.076898
3.109900 0.078475
3.113200 0.077188
3.113300 0.078764
3.113400 0.080341
3.116900 0.078518
3.117000 0.080095
3.241100 0.076844
3.241200 0.078421
3.249500 0.076844
3.249600 0.078421
3.252900 0.076844
3.253000 0.078421
3.256500 0.076934
3.256600 0.078511
3.260200 0.076844
3.260300 0.078421
3.263500 0.076898
3.263600 0.078811
3.267200 0.076888
3.267300 0.078464
3.270600 0.076844
3.270700 0.078421
3.270800 0.079998
3.393036 0.076844
3.413900 0.076844
3.415500 0.077257
3.417600 0.076844
3.419200 0.076921
3.420900 0.076898
3.422600 0.076875
3.424300 0.077188
3.425900 0.077264
3.565900 0.076844
3.566000 0.078757
3.567900 0.078534
3.569536 0.078575
3.569600 0.080188
3.571300 0.080164
3.572900 0.080241
3.576600 0.078554
3.578300 0.078531
3.717900 0.076844
3.719900 0.076844
3.721600 0.076844
3.724900 0.076844
3.725000 0.078421
3.725100 0.079998
3.728300 0.078811
3.728400 0.080388
3.730300 0.080164
3.732000 0.080141
3.869836 0.076844
3.880200 0.076844
3.882300 0.076844
3.883900 0.076921
3.885600 0.077234
3.887300 0.077211
4.032200 0.076844
4.032300 0.078421
4.032400 0.079998
4.032500 0.081575
4.036000 0.079752
4.036100 0.081328
4.039600 0.079505
4.039700 0.081082
4.185900 0.076844
4.186000 0.078421
4.189200 0.077234
4.189300 0.078811
4.189400 0.080388
4.192600 0.078864
4.192700 0.080441
4.195900 0.078918
4.339600 0.076844
4.339700 0.078421
4.343200 0.076844
4.343300 0.078421
4.343400 0.079998
4.343500 0.081575
4.346600 0.080152
4.346700 0.081728
4.350000 0.080105
4.350100 0.081682
4.491600 0.076844
4.493300 0.076844
4.495136 0.076844
4.503600 0.076844
4.505200 0.076921
4.506900 0.077234
4.643600 0.076844
4.645300 0.076844
4.655600 0.076844
4.655700 0.078421
4.655800 0.079998
4.655900 0.081575
4.659300 0.080188
4.797300 0.076844
4.797400 0.078421
4.809300 0.077013
4.809400 0.078590
4.812600 0.077067
4.812700 0.078644
4.812800 0.080221
4.949300 0.076844
4.949400 0.078421
4.951000 0.078498
4.961405 0.076844
4.966500 0.076844
4.968200 0.076844
5.101300 0.076844
5.103000 0.076844
5.104600 0.077257
5.118500 0.076844
5.118600 0.078421
5.118700 0.079998
5.118800 0.081575
5.253300 0.076844
5.253400 0.078421
5.257000 0.076844
5.257100 0.078421
5.272200 0.076844
5.272300 0.078421
5.275500 0.076898
5.275600 0.078475
5.275700 0.080052
5.407000 0.076844
5.407100 0.078421
5.410700 0.076844
5.410800 0.078421
5.425900 0.076844
5.426000 0.078421
5.429200 0.076898
5.429300 0.078475
5.429400 0.080052
5.429500 0.081628
5.559000 0.076844
5.559100 0.078421
5.562700 0.076844
5.562800 0.078421
5.577900 0.076844
5.578000 0.078421
5.581200 0.076898
5.581300 0.078475
5.584600 0.077188
5.584700 0.078764
5.711000 0.076844
5.711100 0.078421
5.711200 0.079998
5.714700 0.078175
5.714800 0.079752
5.729900 0.076844
5.730000 0.078421
5.733200 0.077234
5.733300 0.078811
5.736900 0.076888
5.737000 0.078464
5.863000 0.076844
5.863100 0.078421
5.863200 0.079998
5.863300 0.081575
5.866300 0.080252
5.866400 0.081828
5.869700 0.080205
5.869800 0.081782
5.883600 0.076844
5.883700 0.078421
5.887200 0.076934
5.887300 0.078511
5.890600 0.076888
5.890700 0.078464
6.016700 0.076844
6.016800 0.078421
6.020000 0.077234
6.020100 0.078811
6.020200 0.080388
6.023400 0.078864
6.023500 0.080441
6.026700 0.078918
6.026800 0.080495
6.037300 0.076844
6.037400 0.078421
6.040900 0.076844
6.041000 0.078421
6.044300 0.077134
6.044400 0.078711
6.170400 0.076844
6.170500 0.078421
6.174000 0.076844
6.174100 0.078421
6.174200 0.079998
6.177400 0.078475
6.177500 0.080052
6.180800 0.078764
6.180900 0.080341
6.189300 0.076844
6.189400 0.078421
6.192900 0.076844
6.193000 0.078421
6.196600 0.076844
6.196700 0.078421
6.322400 0.076844
6.322500 0.078421
6.326000 0.076844
6.326100 0.078421
6.329300 0.076898
6.329400 0.078475
6.329500 0.080052
6.332700 0.078864
6.332800 0.080441
6.336400 0.078518
6.336500 0.080095
6.343000 0.076844
6.343100 0.078421
6.346600 0.076934
6.346700 0.078511
6.350300 0.076844
6.350400 0.078421
6.476100 0.076844
6.476200 0.078421
6.479700 0.076844
6.479800 0.078421
6.483000 0.077234
6.483100 0.078811
6.486700 0.076888
6.486800 0.078464
6.486900 0.080041
6.488400 0.080218
6.629800 0.076844
6.631700 0.076844
6.633400 0.077157
6.635400 0.076844
6.637100 0.076844
6.638700 0.076921
6.640400 0.077234
6.642100 0.077211
6.643800 0.077188
6.781800 0.076844
6.783700 0.076957
6.785700 0.076844
6.787400 0.076844
6.789100 0.076844
6.790800 0.076844
6.792800 0.076857
6.794500 0.076844
6.796100 0.076921
6.933800 0.076844
6.935800 0.076857
6.937700 0.076844
6.939400 0.076844
6.941100 0.076844
6.942800 0.077157
6.944800 0.076844
6.946500 0.076844
6.948200 0.076844
7.085800 0.076913
7.087800 0.076844
7.089700 0.076844
7.091400 0.076844
7.093100 0.076844
7.095100 0.076857
7.096800 0.076844
7.098500 0.076844
7.100200 0.076844
7.237900 0.076844
7.239800 0.076844
7.241700 0.076844
7.243400 0.076844
7.245100 0.076844
7.247100 0.076857
7.248800 0.076844
7.490010 0.077235
7.842400 0.076844
7.842500 0.078421
7.996100 0.076844
7.996200 0.078421
7.996300 0.079998
8.149800 0.076844
8.149900 0.078421
8.150000 0.079998
8.150100 0.081575
8.301800 0.076844
8.301900 0.078421
8.302000 0.079998
8.305100 0.078575
8.305200 0.080152
8.305300 0.081728
8.453800 0.076844
8.453900 0.078421
8.457100 0.076898
8.457200 0.078475
8.460500 0.076852
8.460600 0.078428
8.605800 0.076844
8.605900 0.078421
8.606000 0.079998
8.607500 0.080175
8.609090 0.080262
8.614200 0.076844
8.757800 0.076844
8.759500 0.076844
8.761100 0.076921
8.762800 0.076898
8.766200 0.076844
8.766300 0.078421
8.766400 0.079998
8.766500 0.081575
8.911500 0.076844
8.911600 0.078421
8.914800 0.076898
8.914900 0.078475
8.919900 0.076844
8.920000 0.078421
8.923200 0.076898
8.923300 0.078475
8.923400 0.080052
9.065200 0.076844
9.065300 0.078421
9.068500 0.076898
9.068600 0.078475
9.073600 0.076844
9.073700 0.078421
9.076900 0.076898
9.077000 0.078475
9.077100 0.080052
9.077200 0.081628
9.217200 0.076844
9.217300 0.078421
9.220500 0.076898
9.220600 0.078475
9.225600 0.076844
9.225700 0.078421
9.228900 0.076898
9.229000 0.078475
9.232300 0.076852
9.232400 0.078428
9.369200 0.076844
9.369300 0.078421
9.369400 0.079998
9.372500 0.078575
9.372600 0.080152
9.377600 0.076844
9.377700 0.078421
9.380900 0.076898
9.381000 0.078475
9.384300 0.076852
9.384400 0.078428
9.521200 0.076844
9.521300 0.078421
9.521400 0.079998
9.521500 0.081575
9.524500 0.080252
9.524600 0.081828
9.527900 0.080205
9.528000 0.081782
9.531300 0.080159
9.531400 0.081736
9.534600 0.080212
9.534700 0.081789
9.538000 0.080166
9.538100 0.081743
9.674900 0.076844
9.675000 0.078421
9.678200 0.076898
9.678300 0.078475
9.678400 0.080052
9.681600 0.078528
9.681700 0.080105
9.684900 0.078582
9.685000 0.080159
9.688300 0.078536
9.688400 0.080112
9.691600 0.078589
9.691700 0.080166
9.695000 0.078543
9.695100 0.080120
9.828600 0.076844
9.828700 0.078421
9.831900 0.076898
9.832000 0.078475
9.832100 0.080052
9.835300 0.078528
9.835400 0.080105
9.838600 0.078582
9.838700 0.080159
9.842000 0.078536
9.842100 0.080112
9.845300 0.078589
9.845400 0.080166
9.848700 0.078543
9.848800 0.080120
9.980600 0.076844
9.980700 0.078421
9.983900 0.076898
9.984000 0.078475
9.987300 0.076852
9.987400 0.078428
9.987500 0.080005
9.987600 0.081582
9.990600 0.080259
9.990700 0.081836
9.994000 0.080212
9.994100 0.081789
9.997300 0.080266
9.997400 0.081843
10.000700 0.080220
10.000800 0.081796
10.004100 0.080173
10.004200 0.081750
10.134300 0.076844
10.134400 0.078421
10.137600 0.076898
10.137700 0.078475
10.141000 0.076852
10.141100 0.078428
10.144300 0.076905
10.144400 0.078482
10.144500 0.080059
10.147700 0.078536
10.147800 0.080112
10.151000 0.078589
10.151100 0.080166
10.154400 0.078543
10.154500 0.080120
10.157700 0.078596
10.157800 0.080173
10.161100 0.078550
10.161200 0.080127
10.288000 0.076844
10.288100 0.078421
10.291300 0.076898
10.291400 0.078475
10.294700 0.076852
10.294800 0.078428
10.298000 0.076905
10.298100 0.078482
10.298200 0.080059
10.298300 0.081636
10.301400 0.080212
10.301500 0.081789
10.304700 0.080266
10.304800 0.081843
10.308100 0.080220
10.308200 0.081796
10.311400 0.080273
10.311500 0.081850
10.314800 0.080227
10.314900 0.081804
10.440000 0.076844
10.440100 0.078421
10.443300 0.076898
10.443400 0.078475
10.446700 0.076852
10.446800 0.078428
10.450000 0.076905
10.450100 0.078482
10.453400 0.076859
10.453500 0.078436
10.453600 0.080012
10.456700 0.078589
10.456800 0.080166
10.460100 0.078543
10.460200 0.080120
10.463500 0.078496
10.463600 0.080073
10.466800 0.078550
10.466900 0.080127
10.470200 0.078504
10.470300 0.080080
10.592000 0.076844
10.592100 0.078421
10.595300 0.076898
10.595400 0.078475
10.598700 0.076852
10.598800 0.078428
10.602000 0.076905
10.602100 0.078482
10.605400 0.076859
10.605500 0.078436
10.608700 0.076912
10.608800 0.078489
10.608900 0.080066
10.609000 0.081643
10.612100 0.080220
10.612200 0.081796
10.615500 0.080173
10.615600 0.081750
10.618800 0.080227
10.618900 0.081804
10.622200 0.080180
10.622300 0.081757
10.625500 0.080234
10.625600 0.081811
10.745700 0.076844
10.745800 0.078421
10.749000 0.076898
10.749100 0.078475
10.752400 0.076852
10.752500 0.078428
10.755700 0.076905
10.755800 0.078482
10.759100 0.076859
10.759200 0.078436
10.762400 0.076912
10.762500 0.078489
10.765800 0.076866
10.765900 0.078443
10.766000 0.080020
10.769100 0.078596
10.769200 0.080173
10.772500 0.078550
10.772600 0.080127
10.775800 0.078604
10.775900 0.080180
10.779200 0.078557
10.779300 0.080134
10.782500 0.078611
10.782600 0.080188
10.899400 0.076844
10.899500 0.078421
10.902700 0.076898
10.902800 0.078475
10.906100 0.076852
10.906200 0.078428
10.909400 0.076905
10.909500 0.078482
10.912800 0.076859
10.912900 0.078436
10.916100 0.076912
10.916200 0.078489
10.919500 0.076866
10.919600 0.078443
10.919700 0.080020
10.919800 0.081596
10.922800 0.080273
10.922900 0.081850
10.926200 0.080227
10.926300 0.081804
10.929500 0.080280
10.929600 0.081857
10.932900 0.080234
10.933000 0.081811
10.936200 0.080288
10.936300 0.081864
11.051400 0.076844
11.051500 0.078421
11.054700 0.076898
11.054800 0.078475
11.058100 0.076852
11.058200 0.078428
11.061400 0.076905
11.061500 0.078482
11.064800 0.076859
11.064900 0.078436
11.068100 0.076912
11.068200 0.078489
11.071500 0.076866
11.071600 0.078443
11.074900 0.076844
11.075000 0.078421
11.075100 0.079998
11.078200 0.078575
11.078300 0.080152
11.081600 0.078528
11.081700 0.080105
11.084900 0.078582
11.085000 0.080159
11.088300 0.078536
11.088400 0.080112
11.091600 0.078589
11.091700 0.080166
11.203400 0.076844
11.203500 0.078421
11.206700 0.076898
11.206800 0.078475
11.210100 0.076852
11.210200 0.078428
11.213400 0.076905
11.213500 0.078482
11.216800 0.076859
11.216900 0.078436
11.220100 0.076912
11.220200 0.078489
11.223500 0.076866
11.223600 0.078443
11.226900 0.076844
11.227000 0.078421
11.230200 0.076898
11.230300 0.078475
11.230400 0.080052
11.233600 0.078528
11.233700 0.080105
11.236900 0.078582
11.237000 0.080159
11.240300 0.078536
11.240400 0.080112
11.243600 0.078589
11.243700 0.080166
11.247000 0.078543
11.247100 0.080120
11.357100 0.076844
11.357200 0.078421
11.360400 0.076898
11.360500 0.078475
11.363800 0.076852
11.363900 0.078428
11.367100 0.076905
11.367200 0.078482
11.370500 0.076859
11.370600 0.078436
11.373800 0.076912
11.373900 0.078489
11.377200 0.076866
11.377300 0.078443
11.380600 0.076844
11.380700 0.078421
11.383900 0.076898
11.384000 0.078475
11.384100 0.080052
11.384200 0.081628
11.387300 0.080205
11.387400 0.081782
11.390600 0.080259
11.390700 0.081836
11.394000 0.080212
11.394100 0.081789
11.397300 0.080266
11.397400 0.081843
11.400700 0.080220
11.400800 0.081796
11.509100 0.076844
11.509200 0.078421
11.512400 0.076898
11.512500 0.078475
11.515800 0.076852
11.515900 0.078428
11.519100 0.076905
11.519200 0.078482
11.522500 0.076859
11.522600 0.078436
11.525800 0.076912
11.525900 0.078489
11.529200 0.076866
11.529300 0.078443
11.532600 0.076844
11.532700 0.078421
11.535900 0.076898
11.536000 0.078475
11.539300 0.076852
11.539400 0.078428
11.539500 0.080005
11.542600 0.078582
11.542700 0.080159
11.546000 0.078536
11.546100 0.080112
11.549300 0.078589
11.549400 0.080166
11.552700 0.078543
11.552800 0.080120
11.556100 0.078496
11.556200 0.080073
11.661100 0.076844
11.661200 0.078421
11.664400 0.076898
11.664500 0.078475
11.667800 0.076852
11.667900 0.078428
11.671100 0.076905
11.671200 0.078482
11.674500 0.076859
11.674600 0.078436
11.677800 0.076912
11.677900 0.078489
11.681200 0.076866
11.681300 0.078443
11.684600 0.076844
11.684700 0.078421
11.687900 0.076898
11.688000 0.078475
11.691300 0.076852
11.691400 0.078428
11.694600 0.076905
11.694700 0.078482
11.694800 0.080059
11.694900 0.081636
11.698000 0.080212
11.698100 0.081789
11.701300 0.080266
11.701400 0.081843
11.704700 0.080220
11.704800 0.081796
11.708100 0.080173
11.708200 0.081750
11.711400 0.080227
11.711500 0.081804
11.814800 0.076844
11.814900 0.078421
11.818100 0.076898
11.818200 0.078475
11.821500 0.076852
11.821600 0.078428
11.824800 0.076905
11.824900 0.078482
11.828200 0.076859
11.828300 0.078436
11.831500 0.076912
11.831600 0.078489
11.834900 0.076866
11.835000 0.078443
11.838300 0.076844
11.838400 0.078421
11.841600 0.076898
11.841700 0.078475
11.845000 0.076852
11.845100 0.078428
11.848300 0.076905
11.848400 0.078482
11.851700 0.076859
11.851800 0.078436
11.851900 0.080012
11.855000 0.078589
11.855100 0.080166
11.858400 0.078543
11.858500 0.080120
11.861700 0.078596
11.861800 0.080173
11.865100 0.078550
11.865200 0.080127
11.868400 0.078604
11.868500 0.080180
11.968500 0.076844
11.968600 0.078421
11.971800 0.076898
11.971900 0.078475
11.975200 0.076852
11.975300 0.078428
11.978500 0.076905
11.978600 0.078482
11.981900 0.076859
11.982000 0.078436
11.985200 0.076912
11.985300 0.078489
11.988600 0.076866
11.988700 0.078443
11.992000 0.076844
11.992100 0.078421
11.995300 0.076898
11.995400 0.078475
11.998700 0.076852
11.998800 0.078428
12.002000 0.076905
12.002100 0.078482
12.005400 0.076859
12.005500 0.078436
12.005600 0.080012
12.005700 0.081589
12.008700 0.080266
12.008800 0.081843
12.012100 0.080220
12.012200 0.081796
12.015400 0.080273
12.015500 0.081850
12.018800 0.080227
12.018900 0.081804
12.022100 0.080280
12.022200 0.081857
12.120500 0.076844
12.120600 0.078421
12.123800 0.076898
12.123900 0.078475
12.127200 0.076852
12.127300 0.078428
12.130500 0.076905
12.130600 0.078482
12.133900 0.076859
12.134000 0.078436
12.137200 0.076912
12.137300 0.078489
12.140600 0.076866
12.140700 0.078443
12.144000 0.076844
12.144100 0.078421
12.147300 0.076898
12.147400 0.078475
12.150700 0.076852
12.150800 0.078428
12.154000 0.076905
12.154100 0.078482
12.157400 0.076859
12.157500 0.078436
12.160700 0.076912
12.160800 0.078489
12.160900 0.080066
12.164100 0.078543
12.164200 0.080120
12.167500 0.078496
12.167600 0.080073
12.170800 0.078550
12.170900 0.080127
12.174200 0.078504
12.174300 0.080080
12.177500 0.078557
12.177600 0.080134
12.272500 0.076844
12.272600 0.078421
12.275800 0.076898
12.275900 0.078475
12.279200 0.076852
12.279300 0.078428
12.282500 0.076905
12.282600 0.078482
12.285900 0.076859
12.286000 0.078436
12.289200 0.076912
12.289300 0.078489
12.292600 0.076866
12.292700 0.078443
12.296000 0.076844
12.296100 0.078421
12.299300 0.076898
12.299400 0.078475
12.302700 0.076852
12.302800 0.078428
12.306000 0.076905
12.306100 0.078482
12.309400 0.076859
12.309500 0.078436
12.312700 0.076912
12.312800 0.078489
12.316100 0.076866
12.316200 0.078443
12.316300 0.080020
12.316400 0.081596
12.319500 0.080173
12.319600 0.081750
12.322800 0.080227
12.322900 0.081804
12.326200 0.080180
12.326300 0.081757
12.329500 0.080234
12.329600 0.081811
12.332900 0.080188
12.333000 0.081764
12.426200 0.076844
12.426300 0.078421
12.429500 0.076898
12.429600 0.078475
12.432900 0.076852
12.433000 0.078428
12.436200 0.076905
12.436300 0.078482
12.439600 0.076859
12.439700 0.078436
12.442900 0.076912
12.443000 0.078489
12.446300 0.076866
12.446400 0.078443
12.449700 0.076844
12.449800 0.078421
12.453000 0.076898
12.453100 0.078475
12.456400 0.076852
12.456500 0.078428
12.459700 0.076905
12.459800 0.078482
12.463100 0.076859
12.463200 0.078436
12.466400 0.076912
12.466500 0.078489
12.469800 0.076866
12.469900 0.078443
12.470000 0.080020
12.473100 0.078596
12.473200 0.080173
12.476500 0.078550
12.476600 0.080127
12.479800 0.078604
12.479900 0.080180
12.483200 0.078557
12.483300 0.080134
12.486500 0.078611
12.486600 0.080188
12.489900 0.078564
12.490000 0.080141
12.579900 0.076844
12.580000 0.078421
12.583200 0.076898
12.583300 0.078475
12.586600 0.076852
12.586700 0.078428
12.589900 0.076905
12.590000 0.078482
12.593300 0.076859
12.593400 0.078436
12.596600 0.076912
12.596700 0.078489
12.600000 0.076866
12.600100 0.078443
12.603400 0.076844
12.603500 0.078421
12.606700 0.076898
12.606800 0.078475
12.610100 0.076852
12.610200 0.078428
12.613400 0.076905
12.613500 0.078482
12.616800 0.076859
12.616900 0.078436
12.620100 0.076912
12.620200 0.078489
12.623500 0.076866
12.623600 0.078443
12.626800 0.076920
12.626900 0.078496
12.627000 0.080073
12.630200 0.078550
12.630300 0.080127
12.633500 0.078604
12.633600 0.080180
12.636900 0.078557
12.637000 0.080134
12.640200 0.078611
12.640300 0.080188
12.643600 0.078564
12.643700 0.080141
12.731900 0.076844
12.732000 0.078421
12.735200 0.076898
12.735300 0.078475
12.738600 0.076852
12.738700 0.078428
12.741900 0.076905
12.742000 0.078482
12.745300 0.076859
12.745400 0.078436
12.748600 0.076912
12.748700 0.078489
12.752000 0.076866
12.752100 0.078443
12.755400 0.076844
12.755500 0.078421
12.758700 0.076898
12.758800 0.078475
12.762100 0.076852
12.762200 0.078428
12.765400 0.076905
12.765500 0.078482
12.768800 0.076859
12.768900 0.078436
12.772100 0.076912
12.772200 0.078489
12.775500 0.076866
12.775600 0.078443
12.778900 0.076844
12.779000 0.078421
12.782200 0.076898
12.782300 0.078475
12.782400 0.080052
12.782500 0.081628
12.785600 0.080205
12.785700 0.081782
12.788900 0.080259
12.789000 0.081836
12.792300 0.080212
12.792400 0.081789
12.795600 0.080266
12.795700 0.081843
12.799000 0.080220
12.799100 0.081796
12.885600 0.076844
12.885700 0.078421
12.888900 0.076898
12.889000 0.078475
12.892300 0.076852
12.892400 0.078428
12.895600 0.076905
12.895700 0.078482
12.899000 0.076859
12.899100 0.078436
12.902300 0.076912
12.902400 0.078489
12.905700 0.076866
12.905800 0.078443
12.909100 0.076844
12.909200 0.078421
12.912400 0.076898
12.912500 0.078475
12.915800 0.076852
12.915900 0.078428
12.919100 0.076905
12.919200 0.078482
12.922500 0.076859
12.922600 0.078436
12.925800 0.076912
12.925900 0.078489
12.929200 0.076866
12.929300 0.078443
12.932600 0.076844
12.932700 0.078421
12.935900 0.076898
12.936000 0.078475
12.936100 0.080052
12.939300 0.078528
12.939400 0.080105
12.942600 0.078582
12.942700 0.080159
12.946000 0.078536
12.946100 0.080112
12.949300 0.078589
12.949400 0.080166
12.952700 0.078543
12.952800 0.080120
12.956000 0.078596
12.956100 0.080173
13.039300 0.076844
13.039400 0.078421
13.042600 0.076898
13.042700 0.078475
13.046000 0.076852
13.046100 0.078428
13.049300 0.076905
13.049400 0.078482
13.052700 0.076859
13.052800 0.078436
13.056000 0.076912
13.056100 0.078489
13.059400 0.076866
13.059500 0.078443
13.062800 0.076844
13.062900 0.078421
13.066100 0.076898
13.066200 0.078475
13.069500 0.076852
13.069600 0.078428
13.072800 0.076905
13.072900 0.078482
13.076200 0.076859
13.076300 0.078436
13.079500 0.076912
13.079600 0.078489
13.082900 0.076866
13.083000 0.078443
13.086300 0.076844
13.086400 0.078421
13.089600 0.076898
13.089700 0.078475
13.093000 0.076852
13.093100 0.078428
13.093200 0.080005
13.093300 0.081582
13.096300 0.080259
13.096400 0.081836
13.099700 0.080212
13.099800 0.081789
13.103000 0.080266
13.103100 0.081843
13.106400 0.080220
13.106500 0.081796
13.109700 0.080273
13.109800 0.081850
13.191300 0.076844
13.191400 0.078421
13.194600 0.076898
13.194700 0.078475
13.198000 0.076852
13.198100 0.078428
13.201300 0.076905
13.201400 0.078482
13.204700 0.076859
13.204800 0.078436
13.208000 0.076912
13.208100 0.078489
13.211400 0.076866
13.211500 0.078443
13.214800 0.076844
13.214900 0.078421
13.218100 0.076898
13.218200 0.078475
13.221500 0.076852
13.221600 0.078428
13.224800 0.076905
13.224900 0.078482
13.228200 0.076859
13.228300 0.078436
13.231500 0.076912
13.231600 0.078489
13.234900 0.076866
13.235000 0.078443
13.238300 0.076844
13.238400 0.078421
13.241600 0.076898
13.241700 0.078475
13.245000 0.076852
13.245100 0.078428
13.248300 0.076905
13.248400 0.078482
13.248500 0.080059
13.251700 0.078536
13.251800 0.080112
13.255000 0.078589
13.255100 0.080166
13.258400 0.078543
13.258500 0.080120
13.261800 0.078496
13.261900 0.080073
13.265100 0.078550
13.265200 0.080127
13.343300 0.076844
13.343400 0.078421
13.346600 0.076898
13.346700 0.078475
13.350000 0.076852
13.350100 0.078428
13.353300 0.076905
13.353400 0.078482
13.356700 0.076859
13.356800 0.078436
13.360000 0.076912
13.360100 0.078489
13.363400 0.076866
13.363500 0.078443
13.366800 0.076844
13.366900 0.078421
13.370100 0.076898
13.370200 0.078475
13.373500 0.076852
13.373600 0.078428
13.376800 0.076905
13.376900 0.078482
13.380200 0.076859
13.380300 0.078436
13.383500 0.076912
13.383600 0.078489
13.386900 0.076866
13.387000 0.078443
13.390300 0.076844
13.390400 0.078421
13.393600 0.076898
13.393700 0.078475
13.397000 0.076852
13.397100 0.078428
13.400300 0.076905
13.400400 0.078482
13.403700 0.076859
13.403800 0.078436
13.403900 0.080012
13.404000 0.081589
13.407000 0.080266
13.407100 0.081843
13.410400 0.080220
13.410500 0.081796
13.413800 0.080173
13.413900 0.081750
13.417100 0.080227
13.417200 0.081804
13.420500 0.080180
13.420600 0.081757
13.497000 0.076844
13.497100 0.078421
13.500300 0.076898
13.500400 0.078475
13.503700 0.076852
13.503800 0.078428
13.507000 0.076905
13.507100 0.078482
13.510400 0.076859
13.510500 0.078436
13.513700 0.076912
13.513800 0.078489
13.517100 0.076866
13.517200 0.078443
13.520500 0.076844
13.520600 0.078421
13.523800 0.076898
13.523900 0.078475
13.527200 0.076852
13.527300 0.078428
13.530500 0.076905
13.530600 0.078482
13.533900 0.076859
13.534000 0.078436
13.537200 0.076912
13.537300 0.078489
13.540600 0.076866
13.540700 0.078443
13.544000 0.076844
13.544100 0.078421
13.547300 0.076898
13.547400 0.078475
13.550700 0.076852
13.550800 0.078428
13.554000 0.076905
13.554100 0.078482
13.557400 0.076859
13.557500 0.078436
13.557600 0.080012
13.560700 0.078589
13.560800 0.080166
13.564100 0.078543
13.564200 0.080120
13.567400 0.078596
13.567500 0.080173
13.570800 0.078550
13.570900 0.080127
13.574100 0.078604
13.574200 0.080180
13.577500 0.078557
13.577600 0.080134
13.650700 0.076844
13.650800 0.078421
13.654000 0.076898
13.654100 0.078475
13.657400 0.076852
13.657500 0.078428
13.660700 0.076905
13.660800 0.078482
13.664100 0.076859
13.664200 0.078436
13.667400 0.076912
13.667500 0.078489
13.670800 0.076866
13.670900 0.078443
13.674200 0.076844
13.674300 0.078421
13.677500 0.076898
13.677600 0.078475
13.680900 0.076852
13.681000 0.078428
13.684200 0.076905
13.684300 0.078482
13.687600 0.076859
13.687700 0.078436
13.690900 0.076912
13.691000 0.078489
13.694300 0.076866
13.694400 0.078443
13.697700 0.076844
13.697800 0.078421
13.701000 0.076898
13.701100 0.078475
13.704400 0.076852
13.704500 0.078428
13.707700 0.076905
13.707800 0.078482
13.711100 0.076859
13.711200 0.078436
13.711300 0.080012
13.711400 0.081589
13.714400 0.080266
13.714500 0.081843
13.717800 0.080220
13.717900 0.081796
13.721100 0.080273
13.721200 0.081850
13.724500 0.080227
13.724600 0.081804
13.727800 0.080280
13.727900 0.081857
13.731200 0.080234
13.731300 0.081811
13.802700 0.076844
13.802800 0.078421
13.806000 0.076898
13.806100 0.078475
13.809400 0.076852
13.809500 0.078428
13.812700 0.076905
13.812800 0.078482
13.816100 0.076859
13.816200 0.078436
13.819400 0.076912
13.819500 0.078489
13.822800 0.076866
13.822900 0.078443
13.826200 0.076844
13.826300 0.078421
13.829500 0.076898
13.829600 0.078475
13.832900 0.076852
13.833000 0.078428
13.836200 0.076905
13.836300 0.078482
13.839600 0.076859
13.839700 0.078436
13.842900 0.076912
13.843000 0.078489
13.846300 0.076866
13.846400 0.078443
13.849700 0.076844
13.849800 0.078421
13.853000 0.076898
13.853100 0.078475
13.856400 0.076852
13.856500 0.078428
13.859700 0.076905
13.859800 0.078482
13.863100 0.076859
13.863200 0.078436
13.866400 0.076912
13.866500 0.078489
13.866600 0.080066
13.869800 0.078543
13.869900 0.080120
13.873200 0.078496
13.873300 0.080073
13.876500 0.078550
13.876600 0.080127
13.879900 0.078504
13.880000 0.080080
13.883200 0.078557
13.883300 0.080134
13.886600 0.078511
13.886700 0.080088
13.954700 0.076844
13.954800 0.078421
13.958000 0.076898
13.958100 0.078475
13.961400 0.076852
13.961500 0.078428
13.964700 0.076905
13.964800 0.078482
13.968100 0.076859
13.968200 0.078436
13.971400 0.076912
13.971500 0.078489
13.974800 0.076866
13.974900 0.078443
13.978200 0.076844
13.978300 0.078421
13.981500 0.076898
13.981600 0.078475
13.984900 0.076852
13.985000 0.078428
13.988200 0.076905
13.988300 0.078482
13.991600 0.076859
13.991700 0.078436
13.994900 0.076912
13.995000 0.078489
13.998300 0.076866
13.998400 0.078443
14.001700 0.076844
14.001800 0.078421
14.005000 0.076898
14.005100 0.078475
14.008400 0.076852
14.008500 0.078428
14.011700 0.076905
14.011800 0.078482
14.015100 0.076859
14.015200 0.078436
14.018400 0.076912
14.018500 0.078489
14.021800 0.076866
14.021900 0.078443
14.022000 0.080020
14.025200 0.078496
14.025300 0.080073
14.028500 0.078550
14.028600 0.080127
14.031900 0.078504
14.032000 0.080080
14.035200 0.078557
14.035300 0.080134
14.038600 0.078511
14.038700 0.080088
14.041900 0.078564
14.042000 0.080141
14.108400 0.076844
14.108500 0.078421
14.111700 0.076898
14.111800 0.078475
14.115100 0.076852
14.115200 0.078428
14.118400 0.076905
14.118500 0.078482
14.121800 0.076859
14.121900 0.078436
14.125100 0.076912
14.125200 0.078489
14.128500 0.076866
14.128600 0.078443
14.131900 0.076844
14.132000 0.078421
14.135200 0.076898
14.135300 0.078475
14.138600 0.076852
14.138700 0.078428
14.141900 0.076905
14.142000 0.078482
14.145300 0.076859
14.145400 0.078436
14.148600 0.076912
14.148700 0.078489
14.152000 0.076866
14.152100 0.078443
14.155400 0.076844
14.155500 0.078421
14.158700 0.076898
14.158800 0.078475
14.162100 0.076852
14.162200 0.078428
14.165400 0.076905
14.165500 0.078482
14.168800 0.076859
14.168900 0.078436
14.172100 0.076912
14.172200 0.078489
14.175500 0.076866
14.175600 0.078443
14.178800 0.076920
14.178900 0.078496
14.179000 0.080073
14.179100 0.081650
14.182200 0.080227
14.182300 0.081804
14.185500 0.080280
14.185600 0.081857
14.188900 0.080234
14.189000 0.081811
14.192200 0.080288
14.192300 0.081864
14.195600 0.080241
14.195700 0.081818
14.260400 0.076844
14.260500 0.078421
14.263700 0.076898
14.263800 0.078475
14.267100 0.076852
14.267200 0.078428
14.270400 0.076905
14.270500 0.078482
14.273800 0.076859
14.273900 0.078436
14.277100 0.076912
14.277200 0.078489
14.280500 0.076866
14.280600 0.078443
14.283900 0.076844
14.284000 0.078421
14.287200 0.076898
14.287300 0.078475
14.290600 0.076852
14.290700 0.078428
14.293900 0.076905
14.294000 0.078482
14.297300 0.076859
14.297400 0.078436
14.300600 0.076912
14.300700 0.078489
14.304000 0.076866
14.304100 0.078443
14.307400 0.076844
14.307500 0.078421
14.310700 0.076898
14.310800 0.078475
14.314100 0.076852
14.314200 0.078428
14.317400 0.076905
14.317500 0.078482
14.320800 0.076859
14.320900 0.078436
14.324100 0.076912
14.324200 0.078489
14.327500 0.076866
14.327600 0.078443
14.330900 0.076844
14.331000 0.078421
14.334200 0.076898
14.334300 0.078475
14.334400 0.080052
14.337600 0.078528
14.337700 0.080105
14.340900 0.078582
14.341000 0.080159
14.344300 0.078536
14.344400 0.080112
14.347600 0.078589
14.347700 0.080166
14.351000 0.078543
14.351100 0.080120
14.412400 0.076844
14.412500 0.078421
14.415700 0.076898
14.415800 0.078475
14.419100 0.076852
14.419200 0.078428
14.422400 0.076905
14.422500 0.078482
14.425800 0.076859
14.425900 0.078436
14.429100 0.076912
14.429200 0.078489
14.432500 0.076866
14.432600 0.078443
14.435900 0.076844
14.436000 0.078421
14.439200 0.076898
14.439300 0.078475
14.442600 0.076852
14.442700 0.078428
14.445900 0.076905
14.446000 0.078482
14.449300 0.076859
14.449400 0.078436
14.452600 0.076912
14.452700 0.078489
14.456000 0.076866
14.456100 0.078443
14.459400 0.076844
14.459500 0.078421
14.462700 0.076898
14.462800 0.078475
14.466100 0.076852
14.466200 0.078428
14.469400 0.076905
14.469500 0.078482
14.472800 0.076859
14.472900 0.078436
14.476100 0.076912
14.476200 0.078489
14.479500 0.076866
14.479600 0.078443
14.482900 0.076844
14.483000 0.078421
14.486200 0.076898
14.486300 0.078475
14.489600 0.076852
14.489700 0.078428
14.489800 0.080005
14.489900 0.081582
14.492900 0.080259
14.493000 0.081836
14.496300 0.080212
14.496400 0.081789
14.499600 0.080266
14.499700 0.081843
14.503000 0.080220
14.503100 0.081796
14.506400 0.080173
14.506500 0.081750
14.566100 0.076844
14.566200 0.078421
14.569400 0.076898
14.569500 0.078475
14.572800 0.076852
14.572900 0.078428
14.576100 0.076905
14.576200 0.078482
14.579500 0.076859
14.579600 0.078436
14.582800 0.076912
14.582900 0.078489
14.586200 0.076866
14.586300 0.078443
14.589600 0.076844
14.589700 0.078421
14.592900 0.076898
14.593000 0.078475
14.596300 0.076852
14.596400 0.078428
14.599600 0.076905
14.599700 0.078482
14.603000 0.076859
14.603100 0.078436
14.606300 0.076912
14.606400 0.078489
14.609700 0.076866
14.609800 0.078443
14.613100 0.076844
14.613200 0.078421
14.616400 0.076898
14.616500 0.078475
14.619800 0.076852
14.619900 0.078428
14.623100 0.076905
14.623200 0.078482
14.626500 0.076859
14.626600 0.078436
14.629800 0.076912
14.629900 0.078489
14.633200 0.076866
14.633300 0.078443
14.636600 0.076844
14.636700 0.078421
14.639900 0.076898
14.640000 0.078475
14.643300 0.076852
14.643400 0.078428
14.643500 0.080005
14.646600 0.078582
14.646700 0.080159
14.650000 0.078536
14.650100 0.080112
14.653300 0.078589
14.653400 0.080166
14.656700 0.078543
14.656800 0.080120
14.660000 0.078596
14.660100 0.080173
14.663400 0.078550
14.663500 0.080127
14.719800 0.076844
14.719900 0.078421
14.723100 0.076898
14.723200 0.078475
14.726500 0.076852
14.726600 0.078428
14.729800 0.076905
14.729900 0.078482
14.733200 0.076859
14.733300 0.078436
14.736500 0.076912
14.736600 0.078489
14.739900 0.076866
14.740000 0.078443
14.743300 0.076844
14.743400 0.078421
14.746600 0.076898
14.746700 0.078475
14.750000 0.076852
14.750100 0.078428
14.753300 0.076905
14.753400 0.078482
14.756700 0.076859
14.756800 0.078436
14.760000 0.076912
14.760100 0.078489
14.763400 0.076866
14.763500 0.078443
14.766800 0.076844
14.766900 0.078421
14.770100 0.076898
14.770200 0.078475
14.773500 0.076852
14.773600 0.078428
14.776800 0.076905
14.776900 0.078482
14.780200 0.076859
14.780300 0.078436
14.783500 0.076912
14.783600 0.078489
14.786900 0.076866
14.787000 0.078443
14.790300 0.076844
14.790400 0.078421
14.793600 0.076898
14.793700 0.078475
14.797000 0.076852
14.797100 0.078428
14.800300 0.076905
14.800400 0.078482
14.800500 0.080059
14.800600 0.081636
14.803700 0.080212
14.803800 0.081789
14.807000 0.080266
14.807100 0.081843
14.810400 0.080220
14.810500 0.081796
14.813700 0.080273
14.813800 0.081850
14.817100 0.080227
14.817200 0.081804
14.871800 0.076844
14.871900 0.078421
14.875100 0.076898
14.875200 0.078475
14.878500 0.076852
14.878600 0.078428
14.881800 0.076905
14.881900 0.078482
14.885200 0.076859
14.885300 0.078436
14.888500 0.076912
14.888600 0.078489
14.891900 0.076866
14.892000 0.078443
14.895300 0.076844
14.895400 0.078421
14.898600 0.076898
14.898700 0.078475
14.902000 0.076852
14.902100 0.078428
14.905300 0.076905
14.905400 0.078482
14.908700 0.076859
14.908800 0.078436
14.912000 0.076912
14.912100 0.078489
14.915400 0.076866
14.915500 0.078443
14.918800 0.076844
14.918900 0.078421
14.922100 0.076898
14.922200 0.078475
14.925500 0.076852
14.925600 0.078428
14.928800 0.076905
14.928900 0.078482
14.932200 0.076859
14.932300 0.078436
14.935500 0.076912
14.935600 0.078489
14.938900 0.076866
14.939000 0.078443
14.942300 0.076844
14.942400 0.078421
14.945600 0.076898
14.945700 0.078475
14.949000 0.076852
14.949100 0.078428
14.952300 0.076905
14.952400 0.078482
14.955700 0.076859
14.955800 0.078436
14.955900 0.080012
14.959000 0.078589
14.959100 0.080166
14.962400 0.078543
14.962500 0.080120
14.965800 0.078496
14.965900 0.080073
14.969100 0.078550
14.969200 0.080127
14.972500 0.078504
14.972600 0.080080
15.023800 0.076844
15.023900 0.078421
15.027100 0.076898
15.027200 0.078475
15.030500 0.076852
15.030600 0.078428
15.033800 0.076905
15.033900 0.078482
15.037200 0.076859
15.037300 0.078436
15.040500 0.076912
15.040600 0.078489
15.043900 0.076866
15.044000 0.078443
15.047300 0.076844
15.047400 0.078421
15.050600 0.076898
15.050700 0.078475
15.054000 0.076852
15.054100 0.078428
15.057300 0.076905
15.057400 0.078482
15.060700 0.076859
15.060800 0.078436
15.064000 0.076912
15.064100 0.078489
15.067400 0.076866
15.067500 0.078443
15.070800 0.076844
15.070900 0.078421
15.074100 0.076898
15.074200 0.078475
15.077500 0.076852
15.077600 0.078428
15.080800 0.076905
15.080900 0.078482
15.084200 0.076859
15.084300 0.078436
15.087500 0.076912
15.087600 0.078489
15.090900 0.076866
15.091000 0.078443
15.094300 0.076844
15.094400 0.078421
15.097600 0.076898
15.097700 0.078475
15.101000 0.076852
15.101100 0.078428
15.104300 0.076905
15.104400 0.078482
15.107700 0.076859
15.107800 0.078436
15.111000 0.076912
15.111100 0.078489
15.114400 0.076866
15.114500 0.078443
15.117800 0.076844
15.117900 0.078421
15.121100 0.076898
15.121200 0.078475
15.124500 0.076852
15.124600 0.078428
15.127800 0.076905
15.127900 0.078482
15.177500 0.076844
15.177600 0.078421
15.180800 0.076898
15.180900 0.078475
15.184200 0.076852
15.184300 0.078428
15.187500 0.076905
15.187600 0.078482
15.190900 0.076859
15.191000 0.078436
15.194200 0.076912
15.194300 0.078489
15.197600 0.076866
15.197700 0.078443
15.201000 0.076844
15.201100 0.078421
15.204300 0.076898
15.204400 0.078475
15.207700 0.076852
15.207800 0.078428
15.211000 0.076905
15.211100 0.078482
15.214400 0.076859
15.214500 0.078436
15.217700 0.076912
15.217800 0.078489
15.221100 0.076866
15.221200 0.078443
15.224500 0.076844
15.224600 0.078421
15.227800 0.076898
15.227900 0.078475
15.231200 0.076852
15.231300 0.078428
15.234500 0.076905
15.234600 0.078482
15.237900 0.076859
15.238000 0.078436
15.241200 0.076912
15.241300 0.078489
15.244600 0.076866
15.244700 0.078443
15.248000 0.076844
15.248100 0.078421
15.251300 0.076898
15.251400 0.078475
15.254700 0.076852
15.254800 0.078428
15.258000 0.076905
15.258100 0.078482
15.261400 0.076859
15.261500 0.078436
15.264700 0.076912
15.264800 0.078489
15.268100 0.076866
15.268200 0.078443
15.271500 0.076844
15.271600 0.078421
15.274800 0.076898
15.274900 0.078475
15.278200 0.076852
15.278300 0.078428
15.281500 0.076905
15.281600 0.078482
15.331200 0.076844
15.331300 0.078421
15.334500 0.076898
15.334600 0.078475
15.337900 0.076852
15.338000 0.078428
15.341200 0.076905
15.341300 0.078482
15.344600 0.076859
15.344700 0.078436
15.347900 0.076912
15.348000 0.078489
15.351300 0.076866
15.351400 0.078443
15.354700 0.076844
15.354800 0.078421
15.358000 0.076898
15.358100 0.078475
15.361400 0.076852
15.361500 0.078428
15.364700 0.076905
15.364800 0.078482
15.368100 0.076859
15.368200 0.078436
15.371400 0.076912
15.371500 0.078489
15.374800 0.076866
15.374900 0.078443
15.378200 0.076844
15.378300 0.078421
15.381500 0.076898
15.381600 0.078475
15.384900 0.076852
15.385000 0.078428
15.388200 0.076905
15.388300 0.078482
15.391600 0.076859
15.391700 0.078436
15.394900 0.076912
15.395000 0.078489
15.398300 0.076866
15.398400 0.078443
15.401700 0.076844
15.401800 0.078421
15.405000 0.076898
15.405100 0.078475
15.408400 0.076852
15.408500 0.078428
15.411700 0.076905
15.411800 0.078482
15.415100 0.076859
15.415200 0.078436
15.418400 0.076912
15.418500 0.078489
15.421800 0.076866
15.421900 0.078443
15.425200 0.076844
15.425300 0.078421
15.428500 0.076898
15.428600 0.078475
15.431900 0.076852
15.432000 0.078428
15.435200 0.076905
15.435300 0.078482
15.484900 0.076844
15.485000 0.078421
15.488200 0.076898
15.488300 0.078475
15.491600 0.076852
15.491700 0.078428
15.494900 0.076905
15.495000 0.078482
15.498300 0.076859
15.498400 0.078436
15.501600 0.076912
15.501700 0.078489
15.505000 0.076866
15.505100 0.078443
15.508400 0.076844
15.508500 0.078421
15.511700 0.076898
15.511800 0.078475
15.515100 0.076852
15.515200 0.078428
15.518400 0.076905
15.518500 0.078482
15.521800 0.076859
15.521900 0.078436
15.525100 0.076912
15.525200 0.078489
15.528500 0.076866
15.528600 0.078443
15.531900 0.076844
15.532000 0.078421
15.535200 0.076898
15.535300 0.078475
15.538600 0.076852
15.538700 0.078428
15.541900 0.076905
15.542000 0.078482
15.545300 0.076859
15.545400 0.078436
15.548600 0.076912
15.548700 0.078489
15.552000 0.076866
15.552100 0.078443
15.555400 0.076844
15.555500 0.078421
15.558700 0.076898
15.558800 0.078475
15.562100 0.076852
15.562200 0.078428
15.565400 0.076905
15.565500 0.078482
15.568800 0.076859
15.568900 0.078436
15.572100 0.076912
15.572200 0.078489
15.575500 0.076866
15.575600 0.078443
15.578900 0.076844
15.579000 0.078421
15.582200 0.076898
15.582300 0.078475
15.585600 0.076852
15.585700 0.078428
15.588900 0.076905
15.589000 0.078482
15.638600 0.076844
15.638700 0.078421
15.641900 0.076898
15.642000 0.078475
15.645300 0.076852
15.645400 0.078428
15.648600 0.076905
15.648700 0.078482
15.652000 0.076859
15.652100 0.078436
15.655300 0.076912
15.655400 0.078489
15.658700 0.076866
15.658800 0.078443
15.662100 0.076844
15.662200 0.078421
15.665400 0.076898
15.665500 0.078475
15.668800 0.076852
15.668900 0.078428
15.672100 0.076905
15.672200 0.078482
15.675500 0.076859
15.675600 0.078436
15.678800 0.076912
15.678900 0.078489
15.682200 0.076866
15.682300 0.078443
15.685600 0.076844
15.685700 0.078421
15.688900 0.076898
15.689000 0.078475
15.692300 0.076852
15.692400 0.078428
15.695600 0.076905
15.695700 0.078482
15.699000 0.076859
15.699100 0.078436
15.702300 0.076912
15.702400 0.078489
15.705700 0.076866
15.705800 0.078443
15.709100 0.076844
15.709200 0.078421
15.712400 0.076898
15.712500 0.078475
15.715800 0.076852
15.715900 0.078428
15.719100 0.076905
15.719200 0.078482
15.722500 0.076859
15.722600 0.078436
15.725800 0.076912
15.725900 0.078489
15.729200 0.076866
15.729300 0.078443
15.732600 0.076844
15.732700 0.078421
15.735900 0.076898
15.736000 0.078475
15.739300 0.076852
15.739400 0.078428
15.742600 0.076905
15.742700 0.078482
15.792300 0.076844
15.792400 0.078421
15.795600 0.076898
15.795700 0.078475
15.799000 0.076852
15.799100 0.078428
15.802300 0.076905
15.802400 0.078482
15.805700 0.076859
15.805800 0.078436
15.809000 0.076912
15.809100 0.078489
15.812400 0.076866
15.812500 0.078443
15.815800 0.076844
15.815900 0.078421
15.819100 0.076898
15.819200 0.078475
15.822500 0.076852
15.822600 0.078428
15.825800 0.076905
15.825900 0.078482
15.829200 0.076859
15.829300 0.078436
15.832500 0.076912
15.832600 0.078489
15.835900 0.076866
15.836000 0.078443
15.839300 0.076844
15.839400 0.078421
15.842600 0.076898
15.842700 0.078475
15.846000 0.076852
15.846100 0.078428
15.849300 0.076905
15.849400 0.078482
15.852700 0.076859
15.852800 0.078436
15.856000 0.076912
15.856100 0.078489
15.859400 0.076866
15.859500 0.078443
15.862800 0.076844
15.862900 0.078421
15.866100 0.076898
15.866200 0.078475
15.869500 0.076852
15.869600 0.078428
15.872800 0.076905
15.872900 0.078482
15.876200 0.076859
15.876300 0.078436
15.879500 0.076912
15.879600 0.078489
15.882900 0.076866
15.883000 0.078443
15.886300 0.076844
15.886400 0.078421
15.889600 0.076898
15.889700 0.078475
15.893000 0.076852
15.893100 0.078428
15.896300 0.076905
15.896400 0.078482
15.946000 0.076844
15.946100 0.078421
15.949300 0.076898
15.949400 0.078475
15.952700 0.076852
15.952800 0.078428
15.956000 0.076905
15.956100 0.078482
15.959400 0.076859
15.959500 0.078436
15.962700 0.076912
15.962800 0.078489
15.966100 0.076866
15.966200 0.078443
15.969500 0.076844
15.969600 0.078421
15.972800 0.076898
15.972900 0.078475
15.976200 0.076852
15.976300 0.078428
15.979500 0.076905
15.979600 0.078482
15.982900 0.076859
15.983000 0.078436
15.986200 0.076912
15.986300 0.078489
15.989600 0.076866
15.989700 0.078443
15.993000 0.076844
15.993100 0.078421
15.996300 0.076898
15.996400 0.078475
15.999700 0.076852
15.999800 0.078428
16.003000 0.076905
16.003100 0.078482
16.006400 0.076859
16.006500 0.078436
16.009700 0.076912
16.009800 0.078489
16.013100 0.076866
16.013200 0.078443
16.016500 0.076844
16.016600 0.078421
16.019800 0.076898
16.019900 0.078475
16.023200 0.076852
16.023300 0.078428
16.026500 0.076905
16.026600 0.078482
16.029900 0.076859
16.030000 0.078436
16.033200 0.076912
16.033300 0.078489
16.036600 0.076866
16.036700 0.078443
16.040000 0.076844
16.040100 0.078421
16.043300 0.076898
16.043400 0.078475
16.046700 0.076852
16.046800 0.078428
16.050000 0.076905
16.050100 0.078482
16.099700 0.076844
16.099800 0.078421
16.103000 0.076898
16.103100 0.078475
16.106400 0.076852
16.106500 0.078428
16.109700 0.076905
16.109800 0.078482
16.113100 0.076859
16.113200 0.078436
16.116400 0.076912
16.116500 0.078489
16.119800 0.076866
16.119900 0.078443
16.123200 0.076844
16.123300 0.078421
16.126500 0.076898
16.126600 0.078475
16.129900 0.076852
16.130000 0.078428
16.133200 0.076905
16.133300 0.078482
16.136600 0.076859
16.136700 0.078436
16.139900 0.076912
16.140000 0.078489
16.143300 0.076866
16.143400 0.078443
16.146700 0.076844
16.146800 0.078421
16.150000 0.076898
16.150100 0.078475
16.153400 0.076852
16.153500 0.078428
16.156700 0.076905
16.156800 0.078482
16.160100 0.076859
16.160200 0.078436
16.163400 0.076912
16.163500 0.078489
16.166800 0.076866
16.166900 0.078443
16.170200 0.076844
16.170300 0.078421
16.173500 0.076898
16.173600 0.078475
16.176900 0.076852
16.177000 0.078428
16.180200 0.076905
16.180300 0.078482
16.183600 0.076859
16.183700 0.078436
16.186900 0.076912
16.187000 0.078489
16.190300 0.076866
16.190400 0.078443
16.193700 0.076844
16.193800 0.078421
16.197000 0.076898
16.197100 0.078475
16.200400 0.076852
16.200500 0.078428
16.203700 0.076905
16.203800 0.078482
16.253400 0.076844
16.253500 0.078421
16.256700 0.076898
16.256800 0.078475
16.260100 0.076852
16.260200 0.078428
16.263400 0.076905
16.263500 0.078482
16.266800 0.076859
16.266900 0.078436
16.270100 0.076912
16.270200 0.078489
16.273500 0.076866
16.273600 0.078443
16.276900 0.076844
16.277000 0.078421
16.280200 0.076898
16.280300 0.078475
16.283600 0.076852
16.283700 0.078428
16.286900 0.076905
16.287000 0.078482
16.290300 0.076859
16.290400 0.078436
16.293600 0.076912
16.293700 0.078489
16.297000 0.076866
16.297100 0.078443
16.300400 0.076844
16.300500 0.078421
16.303700 0.076898
16.303800 0.078475
16.307100 0.076852
16.307200 0.078428
16.310400 0.076905
16.310500 0.078482
16.313800 0.076859
16.313900 0.078436
16.317100 0.076912
16.317200 0.078489
16.320500 0.076866
16.320600 0.078443
16.323900 0.076844
16.324000 0.078421
16.327200 0.076898
16.327300 0.078475
16.330600 0.076852
16.330700 0.078428
16.333900 0.076905
16.334000 0.078482
16.337300 0.076859
16.337400 0.078436
16.340600 0.076912
16.340700 0.078489
16.344000 0.076866
16.344100 0.078443
16.347400 0.076844
16.347500 0.078421
16.350700 0.076898
16.350800 0.078475
16.354100 0.076852
16.354200 0.078428
16.357400 0.076905
16.357500 0.078482
16.407100 0.076844
16.407200 0.078421
16.410400 0.076898
16.410500 0.078475
16.413800 0.076852
16.413900 0.078428
16.417100 0.076905
16.417200 0.078482
16.420500 0.076859
16.420600 0.078436
16.423800 0.076912
16.423900 0.078489
16.427200 0.076866
16.427300 0.078443
16.430600 0.076844
16.430700 0.078421
16.433900 0.076898
16.434000 0.078475
16.437300 0.076852
16.437400 0.078428
16.440600 0.076905
16.440700 0.078482
16.444000 0.076859
16.444100 0.078436
16.447300 0.076912
16.447400 0.078489
16.450700 0.076866
16.450800 0.078443
16.454100 0.076844
16.454200 0.078421
16.457400 0.076898
16.457500 0.078475
16.460800 0.076852
16.460900 0.078428
16.464100 0.076905
16.464200 0.078482
16.467500 0.076859
16.467600 0.078436
16.470800 0.076912
16.470900 0.078489
16.474200 0.076866
16.474300 0.078443
16.477600 0.076844
16.477700 0.078421
16.480900 0.076898
16.481000 0.078475
16.484300 0.076852
16.484400 0.078428
16.487600 0.076905
16.487700 0.078482
16.491000 0.076859
16.491100 0.078436
16.494300 0.076912
16.494400 0.078489
16.497700 0.076866
16.497800 0.078443
16.501100 0.076844
16.501200 0.078421
16.504400 0.076898
16.504500 0.078475
16.507800 0.076852
16.507900 0.078428
16.511100 0.076905
16.511200 0.078482
16.560800 0.076844
16.560900 0.078421
16.564100 0.076898
16.564200 0.078475
16.567500 0.076852
16.567600 0.078428
16.570800 0.076905
16.570900 0.078482
16.574200 0.076859
16.574300 0.078436
16.577500 0.076912
16.577600 0.078489
16.580900 0.076866
16.581000 0.078443
16.584300 0.076844
16.584400 0.078421
16.587600 0.076898
16.587700 0.078475
16.591000 0.076852
16.591100 0.078428
16.594300 0.076905
16.594400 0.078482
16.597700 0.076859
16.597800 0.078436
16.601000 0.076912
16.601100 0.078489
16.604400 0.076866
16.604500 0.078443
16.607800 0.076844
16.607900 0.078421
16.611100 0.076898
16.611200 0.078475
16.614500 0.076852
16.614600 0.078428
16.617800 0.076905
16.617900 0.078482
16.621200 0.076859
16.621300 0.078436
16.624500 0.076912
16.624600 0.078489
16.627900 0.076866
16.628000 0.078443
16.631300 0.076844
16.631400 0.078421
16.634600 0.076898
16.634700 0.078475
16.638000 0.076852
16.638100 0.078428
16.641300 0.076905
16.641400 0.078482
16.644700 0.076859
16.644800 0.078436
16.648000 0.076912
16.648100 0.078489
16.651400 0.076866
16.651500 0.078443
16.654800 0.076844
16.654900 0.078421
16.658100 0.076898
16.658200 0.078475
16.661500 0.076852
16.661600 0.078428
16.664800 0.076905
16.664900 0.078482
16.714500 0.076844
16.714600 0.078421
16.717800 0.076898
16.717900 0.078475
16.721200 0.076852
16.721300 0.078428
16.724500 0.076905
16.724600 0.078482
16.727900 0.076859
16.728000 0.078436
16.731200 0.076912
16.731300 0.078489
16.734600 0.076866
16.734700 0.078443
16.738000 0.076844
16.738100 0.078421
16.741300 0.076898
16.741400 0.078475
16.744700 0.076852
16.744800 0.078428
16.748000 0.076905
16.748100 0.078482
16.751400 0.076859
16.751500 0.078436
16.754700 0.076912
16.754800 0.078489
16.758100 0.076866
16.758200 0.078443
16.761500 0.076844
16.761600 0.078421
16.764800 0.076898
16.764900 0.078475
16.768200 0.076852
16.768300 0.078428
16.771500 0.076905
16.771600 0.078482
16.774900 0.076859
16.775000 0.078436
16.778200 0.076912
16.778300 0.078489
16.781600 0.076866
16.781700 0.078443
16.785000 0.076844
16.785100 0.078421
16.788300 0.076898
16.788400 0.078475
16.791700 0.076852
16.791800 0.078428
16.795000 0.076905
16.795100 0.078482
16.798400 0.076859
16.798500 0.078436
16.801700 0.076912
16.801800 0.078489
16.805100 0.076866
16.805200 0.078443
16.808500 0.076844
16.808600 0.078421
16.811800 0.076898
16.811900 0.078475
16.815200 0.076852
16.815300 0.078428
16.818500 0.076905
16.818600 0.078482
16.868200 0.076844
16.868300 0.078421
16.871500 0.076898
16.871600 0.078475
16.874900 0.076852
16.875000 0.078428
16.878200 0.076905
16.878300 0.078482
16.881600 0.076859
16.881700 0.078436
16.884900 0.076912
16.885000 0.078489
16.888300 0.076866
16.888400 0.078443
16.891700 0.076844
16.891800 0.078421
16.895000 0.076898
16.895100 0.078475
16.898400 0.076852
16.898500 0.078428
16.901700 0.076905
16.901800 0.078482
16.905100 0.076859
16.905200 0.078436
16.908400 0.076912
16.908500 0.078489
16.911800 0.076866
16.911900 0.078443
16.915200 0.076844
16.915300 0.078421
16.918500 0.076898
16.918600 0.078475
16.921900 0.076852
16.922000 0.078428
16.925200 0.076905
16.925300 0.078482
16.928600 0.076859
16.928700 0.078436
16.931900 0.076912
16.932000 0.078489
16.935300 0.076866
16.935400 0.078443
16.938700 0.076844
16.938800 0.078421
16.942000 0.076898
16.942100 0.078475
16.945400 0.076852
16.945500 0.078428
16.948700 0.076905
16.948800 0.078482
16.952100 0.076859
16.952200 0.078436
16.955400 0.076912
16.955500 0.078489
16.958800 0.076866
16.958900 0.078443
16.962200 0.076844
16.962300 0.078421
16.965500 0.076898
16.965600 0.078475
16.968900 0.076852
16.969000 0.078428
16.972200 0.076905
16.972300 0.078482
17.021900 0.076844
17.022000 0.078421
17.025200 0.076898
17.025300 0.078475
17.028600 0.076852
17.028700 0.078428
17.031900 0.076905
17.032000 0.078482
17.035300 0.076859
17.035400 0.078436
17.038600 0.076912
17.038700 0.078489
17.042000 0.076866
17.042100 0.078443
17.045400 0.076844
17.045500 0.078421
17.048700 0.076898
17.048800 0.078475
17.052100 0.076852
17.052200 0.078428
17.055400 0.076905
17.055500 0.078482
17.058800 0.076859
17.058900 0.078436
17.062100 0.076912
17.062200 0.078489
17.065500 0.076866
17.065600 0.078443
17.068900 0.076844
17.069000 0.078421
17.072200 0.076898
17.072300 0.078475
17.075600 0.076852
17.075700 0.078428
17.078900 0.076905
17.079000 0.078482
17.082300 0.076859
17.082400 0.078436
17.085600 0.076912
17.085700 0.078489
17.089000 0.076866
17.089100 0.078443
17.092400 0.076844
17.092500 0.078421
17.095700 0.076898
17.095800 0.078475
17.099100 0.076852
17.099200 0.078428
17.102400 0.076905
17.102500 0.078482
17.105800 0.076859
17.105900 0.078436
17.109100 0.076912
17.109200 0.078489
17.112500 0.076866
17.112600 0.078443
17.115900 0.076844
17.116000 0.078421
17.119200 0.076898
17.119300 0.078475
17.122600 0.076852
17.122700 0.078428
17.125900 0.076905
17.126000 0.078482
17.175600 0.076844
17.175700 0.078421
17.178900 0.076898
17.179000 0.078475
17.182300 0.076852
17.182400 0.078428
17.185600 0.076905
17.185700 0.078482
17.189000 0.076859
17.189100 0.078436
17.192300 0.076912
17.192400 0.078489
17.195700 0.076866
17.195800 0.078443
17.199100 0.076844
17.199200 0.078421
17.202400 0.076898
17.202500 0.078475
17.205800 0.076852
17.205900 0.078428
17.209100 0.076905
17.209200 0.078482
17.212500 0.076859
17.212600 0.078436
17.215800 0.076912
17.215900 0.078489
17.219200 0.076866
17.219300 0.078443
17.222600 0.076844
17.222700 0.078421
17.225900 0.076898
17.226000 0.078475
17.229300 0.076852
17.229400 0.078428
17.232600 0.076905
17.232700 0.078482
17.236000 0.076859
17.236100 0.078436
17.239300 0.076912
17.239400 0.078489
17.242700 0.076866
17.242800 0.078443
17.246100 0.076844
17.246200 0.078421
17.249400 0.076898
17.249500 0.078475
17.252800 0.076852
17.252900 0.078428
17.256100 0.076905
17.256200 0.078482
17.259500 0.076859
17.259600 0.078436
17.262800 0.076912
17.262900 0.078489
17.266200 0.076866
17.266300 0.078443
17.269600 0.076844
17.269700 0.078421
17.272900 0.076898
17.273000 0.078475
17.276300 0.076852
17.276400 0.078428
17.279600 0.076905
17.279700 0.078482
17.329300 0.076844
17.329400 0.078421
17.332600 0.076898
17.332700 0.078475
17.336000 0.076852
17.336100 0.078428
17.339300 0.076905
17.339400 0.078482
17.342700 0.076859
17.342800 0.078436
17.346000 0.076912
17.346100 0.078489
17.349400 0.076866
17.349500 0.078443
17.352800 0.076844
17.352900 0.078421
17.356100 0.076898
17.356200 0.078475
17.359500 0.076852
17.359600 0.078428
17.362800 0.076905
17.362900 0.078482
17.366200 0.076859
17.366300 0.078436
17.369500 0.076912
17.369600 0.078489
17.372900 0.076866
17.373000 0.078443
17.376300 0.076844
17.376400 0.078421
17.379600 0.076898
17.379700 0.078475
17.383000 0.076852
17.383100 0.078428
17.386300 0.076905
17.386400 0.078482
17.389700 0.076859
17.389800 0.078436
17.393000 0.076912
17.393100 0.078489
17.396400 0.076866
17.396500 0.078443
17.399800 0.076844
17.399900 0.078421
17.403100 0.076898
17.403200 0.078475
17.406500 0.076852
17.406600 0.078428
17.409800 0.076905
17.409900 0.078482
17.413200 0.076859
17.413300 0.078436
17.416500 0.076912
17.416600 0.078489
17.419900 0.076866
17.420000 0.078443
17.423300 0.076844
17.423400 0.078421
17.426600 0.076898
17.426700 0.078475
17.430000 0.076852
17.430100 0.078428
17.433300 0.076905
17.433400 0.078482
17.483000 0.076844
17.483100 0.078421
17.486300 0.076898
17.486400 0.078475
17.489700 0.076852
17.489800 0.078428
17.493000 0.076905
17.493100 0.078482
17.496400 0.076859
17.496500 0.078436
17.499700 0.076912
17.499800 0.078489
17.503100 0.076866
17.503200 0.078443
17.506500 0.076844
17.506600 0.078421
17.509800 0.076898
17.509900 0.078475
17.513200 0.076852
17.513300 0.078428
17.516500 0.076905
17.516600 0.078482
17.519900 0.076859
17.520000 0.078436
17.523200 0.076912
17.523300 0.078489
17.526600 0.076866
17.526700 0.078443
17.530000 0.076844
17.530100 0.078421
17.533300 0.076898
17.533400 0.078475
17.536700 0.076852
17.536800 0.078428
17.540000 0.076905
17.540100 0.078482
17.543400 0.076859
17.543500 0.078436
17.546700 0.076912
17.546800 0.078489
17.550100 0.076866
17.550200 0.078443
17.553500 0.076844
17.553600 0.078421
17.556800 0.076898
17.556900 0.078475
17.560200 0.076852
17.560300 0.078428
17.563500 0.076905
17.563600 0.078482
17.566900 0.076859
17.567000 0.078436
17.570200 0.076912
17.570300 0.078489
17.573600 0.076866
17.573700 0.078443
17.577000 0.076844
17.577100 0.078421
17.580300 0.076898
17.580400 0.078475
17.583700 0.076852
17.583800 0.078428
17.587000 0.076905
17.587100 0.078482
17.636700 0.076844
17.636800 0.078421
17.640000 0.076898
17.640100 0.078475
17.643400 0.076852
17.643500 0.078428
17.646700 0.076905
17.646800 0.078482
17.650100 0.076859
17.650200 0.078436
17.653400 0.076912
17.653500 0.078489
17.656800 0.076866
17.656900 0.078443
17.660200 0.076844
17.660300 0.078421
17.663500 0.076898
17.663600 0.078475
17.666900 0.076852
17.667000 0.078428
17.670200 0.076905
17.670300 0.078482
17.673600 0.076859
17.673700 0.078436
17.676900 0.076912
17.677000 0.078489
17.680300 0.076866
17.680400 0.078443
17.683700 0.076844
17.683800 0.078421
17.687000 0.076898
17.687100 0.078475
17.690400 0.076852
17.690500 0.078428
17.693700 0.076905
17.693800 0.078482
17.697100 0.076859
17.697200 0.078436
17.700400 0.076912
17.700500 0.078489
17.703800 0.076866
17.703900 0.078443
17.707200 0.076844
17.707300 0.078421
17.710500 0.076898
17.710600 0.078475
17.713900 0.076852
17.714000 0.078428
17.717200 0.076905
17.717300 0.078482
17.720600 0.076859
17.720700 0.078436
17.723900 0.076912
17.724000 0.078489
17.727300 0.076866
17.727400 0.078443
17.730700 0.076844
17.730800 0.078421
17.734000 0.076898
17.734100 0.078475
17.737400 0.076852
17.737500 0.078428
17.740700 0.076905
17.740800 0.078482
17.790400 0.076844
17.790500 0.078421
17.793700 0.076898
17.793800 0.078475
17.797100 0.076852
17.797200 0.078428
17.800400 0.076905
17.800500 0.078482
17.803800 0.076859
17.803900 0.078436
17.807100 0.076912
17.807200 0.078489
17.810500 0.076866
17.810600 0.078443
17.813900 0.076844
17.814000 0.078421
17.817200 0.076898
17.817300 0.078475
17.820600 0.076852
17.820700 0.078428
17.823900 0.076905
17.824000 0.078482
17.827300 0.076859
17.827400 0.078436
17.830600 0.076912
17.830700 0.078489
17.834000 0.076866
17.834100 0.078443
17.837400 0.076844
17.837500 0.078421
17.840700 0.076898
17.840800 0.078475
17.844100 0.076852
17.844200 0.078428
17.847400 0.076905
17.847500 0.078482
17.850800 0.076859
17.850900 0.078436
17.854100 0.076912
17.854200 0.078489
17.857500 0.076866
17.857600 0.078443
17.860900 0.076844
17.861000 0.078421
17.864200 0.076898
17.864300 0.078475
17.867600 0.076852
17.867700 0.078428
17.870900 0.076905
17.871000 0.078482
17.874300 0.076859
17.874400 0.078436
17.877600 0.076912
17.877700 0.078489
17.881000 0.076866
17.881100 0.078443
17.884400 0.076844
17.884500 0.078421
17.887700 0.076898
17.887800 0.078475
17.891100 0.076852
17.891200 0.078428
17.894400 0.076905
17.894500 0.078482
17.944100 0.076844
17.944200 0.078421
17.947400 0.076898
17.947500 0.078475
17.950800 0.076852
17.950900 0.078428
17.954100 0.076905
17.954200 0.078482
17.957500 0.076859
17.957600 0.078436
17.960800 0.076912
17.960900 0.078489
17.964200 0.076866
17.964300 0.078443
17.967600 0.076844
17.967700 0.078421
17.970900 0.076898
17.971000 0.078475
17.974300 0.076852
17.974400 0.078428
17.977600 0.076905
17.977700 0.078482
17.981000 0.076859
17.981100 0.078436
17.984300 0.076912
17.984400 0.078489
17.987700 0.076866
17.987800 0.078443
17.991100 0.076844
17.991200 0.078421
17.994400 0.076898
17.994500 0.078475
17.997800 0.076852
17.997900 0.078428
18.001100 0.076905
18.001200 0.078482
18.004500 0.076859
18.004600 0.078436
18.007800 0.076912
18.007900 0.078489
18.011200 0.076866
18.011300 0.078443
18.014600 0.076844
18.014700 0.078421
18.017900 0.076898
18.018000 0.078475
18.021300 0.076852
18.021400 0.078428
18.024600 0.076905
18.024700 0.078482
18.028000 0.076859
18.028100 0.078436
18.031300 0.076912
18.031400 0.078489
18.034700 0.076866
18.034800 0.078443
18.038100 0.076844
18.038200 0.078421
18.041400 0.076898
18.041500 0.078475
18.044800 0.076852
18.044900 0.078428
18.048100 0.076905
18.048200 0.078482
18.097800 0.076844
18.097900 0.078421
18.101100 0.076898
18.101200 0.078475
18.104500 0.076852
18.104600 0.078428
18.107800 0.076905
18.107900 0.078482
18.111200 0.076859
18.111300 0.078436
18.114500 0.076912
18.114600 0.078489
18.117900 0.076866
18.118000 0.078443
18.121300 0.076844
18.121400 0.078421
18.124600 0.076898
18.124700 0.078475
18.128000 0.076852
18.128100 0.078428
18.131300 0.076905
18.131400 0.078482
18.134700 0.076859
18.134800 0.078436
18.138000 0.076912
18.138100 0.078489
18.141400 0.076866
18.141500 0.078443
18.144800 0.076844
18.144900 0.078421
18.148100 0.076898
18.148200 0.078475
18.151500 0.076852
18.151600 0.078428
18.154800 0.076905
18.154900 0.078482
18.158200 0.076859
18.158300 0.078436
18.161500 0.076912
18.161600 0.078489
18.164900 0.076866
18.165000 0.078443
18.168300 0.076844
18.168400 0.078421
18.171600 0.076898
18.171700 0.078475
18.175000 0.076852
18.175100 0.078428
18.178300 0.076905
18.178400 0.078482
18.181700 0.076859
18.181800 0.078436
18.185000 0.076912
18.185100 0.078489
18.188400 0.076866
18.188500 0.078443
18.191800 0.076844
18.191900 0.078421
18.195100 0.076898
18.195200 0.078475
18.198500 0.076852
18.198600 0.078428
18.201800 0.076905
18.201900 0.078482
18.251500 0.076844
18.251600 0.078421
18.254800 0.076898
18.254900 0.078475
18.258200 0.076852
18.258300 0.078428
18.261500 0.076905
18.261600 0.078482
18.264900 0.076859
18.265000 0.078436
18.268200 0.076912
18.268300 0.078489
18.271600 0.076866
18.271700 0.078443
18.275000 0.076844
18.275100 0.078421
18.278300 0.076898
18.278400 0.078475
18.281700 0.076852
18.281800 0.078428
18.285000 0.076905
18.285100 0.078482
18.288400 0.076859
18.288500 0.078436
18.291700 0.076912
18.291800 0.078489
18.295100 0.076866
18.295200 0.078443
18.298500 0.076844
18.298600 0.078421
18.301800 0.076898
18.301900 0.078475
18.305200 0.076852
18.305300 0.078428
18.308500 0.076905
18.308600 0.078482
18.311900 0.076859
18.312000 0.078436
18.315200 0.076912
18.315300 0.078489
18.318600 0.076866
18.318700 0.078443
18.322000 0.076844
18.322100 0.078421
18.325300 0.076898
18.325400 0.078475
18.328700 0.076852
18.328800 0.078428
18.332000 0.076905
18.332100 0.078482
18.335400 0.076859
18.335500 0.078436
18.338700 0.076912
18.338800 0.078489
18.342100 0.076866
18.342200 0.078443
18.345500 0.076844
18.345600 0.078421
18.348800 0.076898
18.348900 0.078475
18.352200 0.076852
18.352300 0.078428
18.355500 0.076905
18.355600 0.078482
18.405200 0.076844
18.405300 0.078421
18.408500 0.076898
18.408600 0.078475
18.411900 0.076852
18.412000 0.078428
18.415200 0.076905
18.415300 0.078482
18.418600 0.076859
18.418700 0.078436
18.421900 0.076912
18.422000 0.078489
18.425300 0.076866
18.425400 0.078443
18.428700 0.076844
18.428800 0.078421
18.432000 0.076898
18.432100 0.078475
18.435400 0.076852
18.435500 0.078428
18.438700 0.076905
18.438800 0.078482
18.442100 0.076859
18.442200 0.078436
18.445400 0.076912
18.445500 0.078489
18.448800 0.076866
18.448900 0.078443
18.452200 0.076844
18.452300 0.078421
18.455500 0.076898
18.455600 0.078475
18.458900 0.076852
18.459000 0.078428
18.462200 0.076905
18.462300 0.078482
18.465600 0.076859
18.465700 0.078436
18.468900 0.076912
18.469000 0.078489
18.472300 0.076866
18.472400 0.078443
18.475700 0.076844
18.475800 0.078421
18.479000 0.076898
18.479100 0.078475
18.482400 0.076852
18.482500 0.078428
18.485700 0.076905
18.485800 0.078482
18.489100 0.076859
18.489200 0.078436
18.492400 0.076912
18.492500 0.078489
18.495800 0.076866
18.495900 0.078443
18.499200 0.076844
18.499300 0.078421
18.502500 0.076898
18.502600 0.078475
18.505900 0.076852
18.506000 0.078428
18.509200 0.076905
18.509300 0.078482
18.558900 0.076844
18.559000 0.078421
18.562200 0.076898
18.562300 0.078475
18.565600 0.076852
18.565700 0.078428
18.568900 0.076905
18.569000 0.078482
18.572300 0.076859
18.572400 0.078436
18.575600 0.076912
18.575700 0.078489
18.579000 0.076866
18.579100 0.078443
18.582400 0.076844
18.582500 0.078421
18.585700 0.076898
18.585800 0.078475
18.589100 0.076852
18.589200 0.078428
18.592400 0.076905
18.592500 0.078482
18.595800 0.076859
18.595900 0.078436
18.599100 0.076912
18.599200 0.078489
18.602500 0.076866
18.602600 0.078443
18.605900 0.076844
18.606000 0.078421
18.609200 0.076898
18.609300 0.078475
18.612600 0.076852
18.612700 0.078428
18.615900 0.076905
18.616000 0.078482
18.619300 0.076859
18.619400 0.078436
18.622600 0.076912
18.622700 0.078489
18.626000 0.076866
18.626100 0.078443
18.629400 0.076844
18.629500 0.078421
18.632700 0.076898
18.632800 0.078475
18.636100 0.076852
18.636200 0.078428
18.639400 0.076905
18.639500 0.078482
18.642800 0.076859
18.642900 0.078436
18.646100 0.076912
18.646200 0.078489
18.649500 0.076866
18.649600 0.078443
18.652900 0.076844
18.653000 0.078421
18.656200 0.076898
18.656300 0.078475
18.659600 0.076852
18.659700 0.078428
18.662900 0.076905
18.663000 0.078482
18.712600 0.076844
18.712700 0.078421
18.715900 0.076898
18.716000 0.078475
18.719300 0.076852
18.719400 0.078428
18.722600 0.076905
18.722700 0.078482
18.726000 0.076859
18.726100 0.078436
18.729300 0.076912
18.729400 0.078489
18.732700 0.076866
18.732800 0.078443
18.736100 0.076844
18.736200 0.078421
18.739400 0.076898
18.739500 0.078475
18.742800 0.076852
18.742900 0.078428
18.746100 0.076905
18.746200 0.078482
18.749500 0.076859
18.749600 0.078436
18.752800 0.076912
18.752900 0.078489
18.756200 0.076866
18.756300 0.078443
18.759600 0.076844
18.759700 0.078421
18.762900 0.076898
18.763000 0.078475
18.766300 0.076852
18.766400 0.078428
18.769600 0.076905
18.769700 0.078482
18.773000 0.076859
18.773100 0.078436
18.776300 0.076912
18.776400 0.078489
18.779700 0.076866
18.779800 0.078443
18.783100 0.076844
18.783200 0.078421
18.786400 0.076898
18.786500 0.078475
18.789800 0.076852
18.789900 0.078428
18.793100 0.076905
18.793200 0.078482
18.796500 0.076859
18.796600 0.078436
18.799800 0.076912
18.799900 0.078489
18.803200 0.076866
18.803300 0.078443
18.806600 0.076844
18.806700 0.078421
18.809900 0.076898
18.810000 0.078475
18.813300 0.076852
18.813400 0.078428
18.816600 0.076905
18.816700 0.078482
18.866300 0.076844
18.866400 0.078421
18.869600 0.076898
18.869700 0.078475
18.873000 0.076852
18.873100 0.078428
18.876300 0.076905
18.876400 0.078482
18.879700 0.076859
18.879800 0.078436
18.883000 0.076912
18.883100 0.078489
18.886400 0.076866
18.886500 0.078443
18.889800 0.076844
18.889900 0.078421
18.893100 0.076898
18.893200 0.078475
18.896500 0.076852
18.896600 0.078428
18.899800 0.076905
18.899900 0.078482
18.903200 0.076859
18.903300 0.078436
18.906500 0.076912
18.906600 0.078489
18.909900 0.076866
18.910000 0.078443
18.913300 0.076844
18.913400 0.078421
18.916600 0.076898
18.916700 0.078475
18.920000 0.076852
18.920100 0.078428
18.923300 0.076905
18.923400 0.078482
18.926700 0.076859
18.926800 0.078436
18.930000 0.076912
18.930100 0.078489
18.933400 0.076866
18.933500 0.078443
18.936800 0.076844
18.936900 0.078421
18.940100 0.076898
18.940200 0.078475
18.943500 0.076852
18.943600 0.078428
18.946800 0.076905
18.946900 0.078482
18.950200 0.076859
18.950300 0.078436
18.953500 0.076912
18.953600 0.078489
18.956900 0.076866
18.957000 0.078443
18.960300 0.076844
18.960400 0.078421
18.963600 0.076898
18.963700 0.078475
18.967000 0.076852
18.967100 0.078428
18.970300 0.076905
18.970400 0.078482
19.020000 0.076844
19.020100 0.078421
19.023300 0.076898
19.023400 0.078475
19.026700 0.076852
19.026800 0.078428
19.030000 0.076905
19.030100 0.078482
19.033400 0.076859
19.033500 0.078436
19.036700 0.076912
19.036800 0.078489
19.040100 0.076866
19.040200 0.078443
19.043500 0.076844
19.043600 0.078421
19.046800 0.076898
19.046900 0.078475
19.050200 0.076852
19.050300 0.078428
19.053500 0.076905
19.053600 0.078482
19.056900 0.076859
19.057000 0.078436
19.060200 0.076912
19.060300 0.078489
19.063600 0.076866
19.063700 0.078443
19.067000 0.076844
19.067100 0.078421
19.070300 0.076898
19.070400 0.078475
19.073700 0.076852
19.073800 0.078428
19.077000 0.076905
19.077100 0.078482
19.080400 0.076859
19.080500 0.078436
19.083700 0.076912
19.083800 0.078489
19.087100 0.076866
19.087200 0.078443
19.090500 0.076844
19.090600 0.078421
19.093800 0.076898
19.093900 0.078475
19.097200 0.076852
19.097300 0.078428
19.100500 0.076905
19.100600 0.078482
19.103900 0.076859
19.104000 0.078436
19.107200 0.076912
19.107300 0.078489
19.110600 0.076866
19.110700 0.078443
19.114000 0.076844
19.114100 0.078421
19.117300 0.076898
19.117400 0.078475
19.120700 0.076852
19.120800 0.078428
19.124000 0.076905
19.124100 0.078482
19.173700 0.076844
19.173800 0.078421
19.177000 0.076898
19.177100 0.078475
19.180400 0.076852
19.180500 0.078428
19.183700 0.076905
19.183800 0.078482
19.187100 0.076859
19.187200 0.078436
19.190400 0.076912
19.190500 0.078489
19.193800 0.076866
19.193900 0.078443
19.197200 0.076844
19.197300 0.078421
19.200500 0.076898
19.200600 0.078475
19.203900 0.076852
19.204000 0.078428
19.207200 0.076905
19.207300 0.078482
19.210600 0.076859
19.210700 0.078436
19.213900 0.076912
19.214000 0.078489
19.217300 0.076866
19.217400 0.078443
19.220700 0.076844
19.220800 0.078421
19.224000 0.076898
19.224100 0.078475
19.227400 0.076852
19.227500 0.078428
19.230700 0.076905
19.230800 0.078482
19.234100 0.076859
19.234200 0.078436
19.237400 0.076912
19.237500 0.078489
19.240800 0.076866
19.240900 0.078443
19.244200 0.076844
19.244300 0.078421
19.247500 0.076898
19.247600 0.078475
19.250900 0.076852
19.251000 0.078428
19.254200 0.076905
19.254300 0.078482
19.257600 0.076859
19.257700 0.078436
19.260900 0.076912
19.261000 0.078489
19.264300 0.076866
19.264400 0.078443
19.267700 0.076844
19.267800 0.078421
19.271000 0.076898
19.271100 0.078475
19.274400 0.076852
19.274500 0.078428
19.277700 0.076905
19.277800 0.078482
19.327400 0.076844
19.327500 0.078421
19.330700 0.076898
19.330800 0.078475
19.334100 0.076852
19.334200 0.078428
19.337400 0.076905
19.337500 0.078482
19.340800 0.076859
19.340900 0.078436
19.344100 0.076912
19.344200 0.078489
19.347500 0.076866
19.347600 0.078443
19.350900 0.076844
19.351000 0.078421
19.354200 0.076898
19.354300 0.078475
19.357600 0.076852
19.357700 0.078428
19.360900 0.076905
19.361000 0.078482
19.364300 0.076859
19.364400 0.078436
19.367600 0.076912
19.367700 0.078489
19.371000 0.076866
19.371100 0.078443
19.374400 0.076844
19.374500 0.078421
19.377700 0.076898
19.377800 0.078475
19.381100 0.076852
19.381200 0.078428
19.384400 0.076905
19.384500 0.078482
19.387800 0.076859
19.387900 0.078436
19.391100 0.076912
19.391200 0.078489
19.394500 0.076866
19.394600 0.078443
19.397900 0.076844
19.398000 0.078421
19.401200 0.076898
19.401300 0.078475
19.404600 0.076852
19.404700 0.078428
19.407900 0.076905
19.408000 0.078482
19.411300 0.076859
19.411400 0.078436
19.414600 0.076912
19.414700 0.078489
19.418000 0.076866
19.418100 0.078443
19.421400 0.076844
19.421500 0.078421
19.424700 0.076898
19.424800 0.078475
19.428100 0.076852
19.428200 0.078428
19.431400 0.076905
19.431500 0.078482
19.481100 0.076844
19.481200 0.078421
19.484400 0.076898
19.484500 0.078475
19.487800 0.076852
19.487900 0.078428
19.491100 0.076905
19.491200 0.078482
19.494500 0.076859
19.494600 0.078436
19.497800 0.076912
19.497900 0.078489
19.501200 0.076866
19.501300 0.078443
19.504600 0.076844
19.504700 0.078421
19.507900 0.076898
19.508000 0.078475
19.511300 0.076852
19.511400 0.078428
19.514600 0.076905
19.514700 0.078482
19.518000 0.076859
19.518100 0.078436
19.521300 0.076912
19.521400 0.078489
19.524700 0.076866
19.524800 0.078443
19.528100 0.076844
19.528200 0.078421
19.531400 0.076898
19.531500 0.078475
19.534800 0.076852
19.534900 0.078428
19.538100 0.076905
19.538200 0.078482
19.541500 0.076859
19.541600 0.078436
19.544800 0.076912
19.544900 0.078489
19.548200 0.076866
19.548300 0.078443
19.551600 0.076844
19.551700 0.078421
19.554900 0.076898
19.555000 0.078475
19.558300 0.076852
19.558400 0.078428
19.561600 0.076905
19.561700 0.078482
19.565000 0.076859
19.565100 0.078436
19.568300 0.076912
19.568400 0.078489
19.571700 0.076866
19.571800 0.078443
19.575100 0.076844
19.575200 0.078421
19.578400 0.076898
19.578500 0.078475
19.581800 0.076852
19.581900 0.078428
19.585100 0.076905
19.585200 0.078482
19.634800 0.076844
19.634900 0.078421
19.638100 0.076898
19.638200 0.078475
19.641500 0.076852
19.641600 0.078428
19.644800 0.076905
19.644900 0.078482
19.648200 0.076859
19.648300 0.078436
19.651500 0.076912
19.651600 0.078489
19.654900 0.076866
19.655000 0.078443
19.658300 0.076844
19.658400 0.078421
19.661600 0.076898
19.661700 0.078475
19.665000 0.076852
19.665100 0.078428
19.668300 0.076905
19.668400 0.078482
19.671700 0.076859
19.671800 0.078436
19.675000 0.076912
19.675100 0.078489
19.678400 0.076866
19.678500 0.078443
19.681800 0.076844
19.681900 0.078421
19.685100 0.076898
19.685200 0.078475
19.688500 0.076852
19.688600 0.078428
19.691800 0.076905
19.691900 0.078482
19.695200 0.076859
19.695300 0.078436
19.698500 0.076912
19.698600 0.078489
19.701900 0.076866
19.702000 0.078443
19.705300 0.076844
19.705400 0.078421
19.708600 0.076898
19.708700 0.078475
19.712000 0.076852
19.712100 0.078428
19.715300 0.076905
19.715400 0.078482
19.718700 0.076859
19.718800 0.078436
19.722000 0.076912
19.722100 0.078489
19.725400 0.076866
19.725500 0.078443
19.728800 0.076844
19.728900 0.078421
19.732100 0.076898
19.732200 0.078475
19.735500 0.076852
19.735600 0.078428
19.738800 0.076905
19.738900 0.078482
19.788500 0.076844
19.788600 0.078421
19.791800 0.076898
19.791900 0.078475
19.795200 0.076852
19.795300 0.078428
19.798500 0.076905
19.798600 0.078482
19.801900 0.076859
19.802000 0.078436
19.805200 0.076912
19.805300 0.078489
19.808600 0.076866
19.808700 0.078443
19.812000 0.076844
19.812100 0.078421
19.815300 0.076898
19.815400 0.078475
19.818700 0.076852
19.818800 0.078428
19.822000 0.076905
19.822100 0.078482
19.825400 0.076859
19.825500 0.078436
19.828700 0.076912
19.828800 0.078489
19.832100 0.076866
19.832200 0.078443
19.835500 0.076844
19.835600 0.078421
19.838800 0.076898
19.838900 0.078475
19.842200 0.076852
19.842300 0.078428
19.845500 0.076905
19.845600 0.078482
19.848900 0.076859
19.849000 0.078436
19.852200 0.076912
19.852300 0.078489
19.855600 0.076866
19.855700 0.078443
19.859000 0.076844
19.859100 0.078421
19.862300 0.076898
19.862400 0.078475
19.865700 0.076852
19.865800 0.078428
19.869000 0.076905
19.869100 0.078482
19.872400 0.076859
19.872500 0.078436
19.875700 0.076912
19.875800 0.078489
19.879100 0.076866
19.879200 0.078443
19.882500 0.076844
19.882600 0.078421
19.885800 0.076898
19.885900 0.078475
19.889200 0.076852
19.889300 0.078428
19.892500 0.076905
19.892600 0.078482
19.942200 0.076844
19.942300 0.078421
19.945500 0.076898
19.945600 0.078475
19.948900 0.076852
19.949000 0.078428
19.952200 0.076905
19.952300 0.078482
19.955600 0.076859
19.955700 0.078436
19.958900 0.076912
19.959000 0.078489
19.962300 0.076866
19.962400 0.078443
19.965700 0.076844
19.965800 0.078421
19.969000 0.076898
19.969100 0.078475
19.972400 0.076852
19.972500 0.078428
19.975700 0.076905
19.975800 0.078482
19.979100 0.076859
19.979200 0.078436
19.982400 0.076912
19.982500 0.078489
19.985800 0.076866
19.985900 0.078443
19.989200 0.076844
19.989300 0.078421
19.992500 0.076898
19.992600 0.078475
19.995900 0.076852
19.996000 0.078428
19.999200 0.076905
19.999300 0.078482
20.002600 0.076859
20.002700 0.078436
20.005900 0.076912
20.006000 0.078489
20.009300 0.076866
20.009400 0.078443
20.012700 0.076844
20.012800 0.078421
20.016000 0.076898
20.016100 0.078475
20.019400 0.076852
20.019500 0.078428
20.022700 0.076905
20.022800 0.078482
20.026100 0.076859
20.026200 0.078436
20.029400 0.076912
20.029500 0.078489
20.032800 0.076866
20.032900 0.078443
20.036200 0.076844
20.036300 0.078421
20.039500 0.076898
20.039600 0.078475
20.042900 0.076852
20.043000 0.078428
20.046200 0.076905
20.046300 0.078482
20.095900 0.076844
20.096000 0.078421
20.099200 0.076898
20.099300 0.078475
20.102600 0.076852
20.102700 0.078428
20.105900 0.076905
20.106000 0.078482
20.109300 0.076859
20.109400 0.078436
20.112600 0.076912
20.112700 0.078489
20.116000 0.076866
20.116100 0.078443
20.119400 0.076844
20.119500 0.078421
20.122700 0.076898
20.122800 0.078475
20.126100 0.076852
20.126200 0.078428
20.129400 0.076905
20.129500 0.078482
20.132800 0.076859
20.132900 0.078436
20.136100 0.076912
20.136200 0.078489
20.139500 0.076866
20.139600 0.078443
20.142900 0.076844
20.143000 0.078421
20.146200 0.076898
20.146300 0.078475
20.149600 0.076852
20.149700 0.078428
20.152900 0.076905
20.153000 0.078482
20.156300 0.076859
20.156400 0.078436
20.159600 0.076912
20.159700 0.078489
20.163000 0.076866
20.163100 0.078443
20.166400 0.076844
20.166500 0.078421
20.169700 0.076898
20.169800 0.078475
20.173100 0.076852
20.173200 0.078428
20.176400 0.076905
20.176500 0.078482
20.179800 0.076859
20.179900 0.078436
20.183100 0.076912
20.183200 0.078489
20.186500 0.076866
20.186600 0.078443
20.189900 0.076844
20.190000 0.078421
20.193200 0.076898
20.193300 0.078475
20.196600 0.076852
20.196700 0.078428
20.199900 0.076905
20.200000 0.078482
20.249600 0.076844
20.249700 0.078421
20.252900 0.076898
20.253000 0.078475
20.256300 0.076852
20.256400 0.078428
20.259600 0.076905
20.259700 0.078482
20.263000 0.076859
20.263100 0.078436
20.266300 0.076912
20.266400 0.078489
20.269700 0.076866
20.269800 0.078443
20.273100 0.076844
20.273200 0.078421
20.276400 0.076898
20.276500 0.078475
20.279800 0.076852
20.279900 0.078428
20.283100 0.076905
20.283200 0.078482
20.286500 0.076859
20.286600 0.078436
20.289800 0.076912
20.289900 0.078489
20.293200 0.076866
20.293300 0.078443
20.296600 0.076844
20.296700 0.078421
20.299900 0.076898
20.300000 0.078475
20.303300 0.076852
20.303400 0.078428
20.306600 0.076905
20.306700 0.078482
20.310000 0.076859
20.310100 0.078436
20.313300 0.076912
20.313400 0.078489
20.316700 0.076866
20.316800 0.078443
20.320100 0.076844
20.320200 0.078421
20.323400 0.076898
20.323500 0.078475
20.326800 0.076852
20.326900 0.078428
20.330100 0.076905
20.330200 0.078482
20.333500 0.076859
20.333600 0.078436
20.336800 0.076912
20.336900 0.078489
20.340200 0.076866
20.340300 0.078443
20.343600 0.076844
20.343700 0.078421
20.346900 0.076898
20.347000 0.078475
20.350300 0.076852
20.350400 0.078428
20.353600 0.076905
20.353700 0.078482
20.403300 0.076844
20.403400 0.078421
20.406600 0.076898
20.406700 0.078475
20.410000 0.076852
20.410100 0.078428
20.413300 0.076905
20.413400 0.078482
20.416700 0.076859
20.416800 0.078436
20.420000 0.076912
20.420100 0.078489
