0.500000 0.075161
0.650260 0.076688
0.802012 0.075098
0.953000 0.076844
0.954000 0.077857
0.955000 0.078534
0.956000 0.079211
0.957000 0.079888
1.105000 0.076913
1.106000 0.077590
1.109000 0.076844
1.110000 0.077521
1.111000 0.078198
1.112000 0.078875
1.113000 0.079552
1.115000 0.079564
1.259000 0.076844
1.260000 0.077521
1.261000 0.078198
1.263000 0.077875
1.264000 0.078552
1.265000 0.079564
1.266000 0.080241
1.268000 0.079918
1.269000 0.080595
1.270000 0.081272
1.272000 0.080948
1.411000 0.076844
1.412613 0.076908
1.425000 0.076844
1.426370 0.077151
1.427000 0.078198
1.429000 0.077875
1.563000 0.076844
1.564620 0.076901
1.565000 0.078198
1.577000 0.076844
1.579000 0.076844
1.581000 0.076844
1.582000 0.077521
1.715000 0.076844
1.719000 0.076844
1.720000 0.077521
1.721000 0.078198
1.722000 0.078875
1.731000 0.076844
1.732000 0.077521
1.735000 0.076913
1.736000 0.077590
1.871000 0.076844
1.872000 0.077521
1.875000 0.076844
1.876000 0.077521
1.883000 0.076844
1.884000 0.077521
1.885000 0.078198
1.887000 0.078211
1.888000 0.078888
2.023000 0.076844
2.024000 0.077521
2.027000 0.076844
2.028000 0.077521
2.035000 0.076844
2.036000 0.077521
2.039000 0.076844
2.040000 0.077521
2.041000 0.078198
2.042000 0.078875
2.043000 0.079552
2.044000 0.080228
2.177000 0.076844
2.178000 0.077521
2.181000 0.076844
2.182000 0.077521
2.189000 0.076844
2.190000 0.077521
2.193000 0.076844
2.194000 0.077521
2.195000 0.078198
2.196000 0.078875
2.197000 0.079888
2.200000 0.078564
2.201000 0.079241
2.331000 0.076844
2.332000 0.077857
2.335000 0.076844
2.336000 0.077521
2.343000 0.076844
2.344000 0.077521
2.347000 0.076844
2.348000 0.077857
2.350000 0.077534
2.351000 0.078211
2.352000 0.078888
2.353000 0.079564
2.354000 0.080241
2.355000 0.080918
2.483000 0.076844
2.484000 0.077521
2.487000 0.076844
2.488000 0.077521
2.495000 0.076844
2.496000 0.077521
2.499000 0.076844
2.500000 0.077857
2.503000 0.076844
2.504000 0.077521
2.506000 0.077198
2.507000 0.077875
2.508000 0.078888
2.510000 0.078564
2.511000 0.079241
2.635000 0.076844
2.636000 0.077521
2.639000 0.076844
2.640000 0.077521
2.647000 0.076844
2.648000 0.077521
2.651000 0.076844
2.652000 0.077521
2.655000 0.076844
2.656000 0.077521
2.659000 0.076913
2.660000 0.077590
2.662000 0.077267
2.663000 0.077944
2.664000 0.078621
2.665000 0.079297
2.666000 0.079974
2.667000 0.080651
2.789000 0.076844
2.790000 0.077521
2.793000 0.076844
2.794000 0.077857
2.801000 0.076844
2.802000 0.077857
2.805000 0.076844
2.806000 0.077521
2.809000 0.076844
2.810000 0.077857
2.813000 0.076844
2.814000 0.077521
2.817000 0.076844
2.818000 0.077521
2.819000 0.078534
2.820000 0.079211
2.821000 0.079888
2.823000 0.079564
2.824000 0.080241
2.943000 0.076844
2.944000 0.077521
2.947000 0.076844
2.948000 0.077521
2.955000 0.076844
2.956000 0.077521
2.959000 0.076844
2.960000 0.077521
2.963000 0.076844
2.964000 0.077521
2.967000 0.076844
2.968000 0.077521
2.971000 0.076844
2.972000 0.077521
2.973000 0.078198
2.975000 0.077875
2.976000 0.078552
2.978000 0.078564
2.979000 0.079241
3.095000 0.076844
3.096000 0.077857
3.099000 0.076844
3.100000 0.077521
3.107000 0.076844
3.108000 0.077521
3.111000 0.076844
3.112000 0.077521
3.115000 0.076844
3.116000 0.077521
3.119000 0.076844
3.120000 0.077521
3.123000 0.076844
3.124000 0.077521
3.127000 0.076844
3.128000 0.077521
3.129000 0.078198
3.130000 0.079211
3.131000 0.079888
3.134000 0.078564
3.135000 0.079241
3.249000 0.076844
3.250000 0.077521
3.253000 0.076844
3.254000 0.077521
3.261000 0.076844
3.262000 0.077521
3.265000 0.076844
3.266000 0.077521
3.269000 0.076844
3.270000 0.077521
3.273000 0.076844
3.274000 0.077521
3.277000 0.076844
3.278000 0.077521
3.281000 0.076844
3.282000 0.077521
3.285000 0.076844
3.286000 0.077521
3.287000 0.078198
3.288000 0.078875
3.289000 0.079888
3.400936 0.076844
3.427000 0.076844
3.429000 0.076844
3.431000 0.076844
3.433000 0.076857
3.435000 0.076844
3.437000 0.076844
3.439000 0.076844
3.441000 0.076857
3.442000 0.077534
3.444000 0.077211
3.579000 0.076844
3.580000 0.077521
3.581000 0.078198
3.582936 0.078275
3.583000 0.079888
3.585000 0.079564
3.587000 0.079241
3.589000 0.078918
3.591000 0.078595
3.593000 0.078608
3.595000 0.078284
3.597000 0.077961
3.731000 0.076844
3.733000 0.076844
3.735000 0.076857
3.738000 0.076844
3.739000 0.077521
3.740000 0.078198
3.742000 0.077875
3.743000 0.078888
3.745000 0.078564
3.746000 0.079241
3.749000 0.077918
3.750000 0.078595
3.883000 0.076844
3.884000 0.077521
3.887000 0.076844
3.888000 0.077521
3.892000 0.076844
3.893000 0.077521
3.895000 0.077534
3.896000 0.078211
3.897000 0.078888
3.898000 0.079564
3.899000 0.080241
3.900000 0.080918
3.903000 0.079931
4.035000 0.076844
4.036000 0.077521
4.039000 0.076844
4.040000 0.077521
4.044000 0.076844
4.045000 0.077857
4.048000 0.076844
4.049000 0.077521
4.051000 0.077198
4.052000 0.077875
4.053000 0.078552
4.055000 0.078564
4.056000 0.079241
4.059000 0.077918
4.060000 0.078595
4.187000 0.076844
4.189000 0.076857
4.190936 0.076844
4.207000 0.076844
4.209000 0.076844
4.211000 0.076844
4.213000 0.076913
4.214000 0.077590
4.339000 0.076913
4.341000 0.076844
4.359000 0.076844
4.360000 0.077521
4.361000 0.078198
4.362000 0.078875
4.363000 0.079552
4.367000 0.077564
4.368000 0.078241
4.493000 0.076844
4.494000 0.077521
4.513000 0.076844
4.514000 0.077521
4.516000 0.077534
4.517000 0.078211
4.518000 0.078888
4.520000 0.078564
4.521000 0.079241
4.522000 0.079918
4.644936 0.076844
4.671000 0.076844
4.672000 0.077521
4.674000 0.077198
4.676000 0.077211
4.678000 0.076888
4.823000 0.076844
4.824000 0.077521
4.825000 0.078198
4.826000 0.079211
4.827000 0.079888
4.830000 0.078564
4.831000 0.079241
4.977000 0.076844
4.978000 0.077857
4.981000 0.076844
4.982000 0.077521
4.983000 0.078198
4.984000 0.078875
4.985000 0.079552
5.128936 0.076844
5.135000 0.076844
5.137000 0.076913
5.138000 0.077590
5.140000 0.077267
5.287000 0.076844
5.288000 0.077857
5.290000 0.077534
5.291000 0.081539
5.293000 0.081216
5.439000 0.076844
5.441000 0.076857
5.443000 0.076844
5.448000 0.078849
5.450000 0.078526
5.591000 0.076844
5.593000 0.076844
5.595000 0.076844
5.602000 0.076844
5.604000 0.076844
5.743000 0.076844
5.745000 0.076844
5.747000 0.076844
5.754000 0.077979
5.756000 0.077656
5.895000 0.076844
5.897000 0.076844
5.899000 0.076844
5.908000 0.077544
5.909000 0.078220
6.047000 0.076844
6.049000 0.076844
6.051000 0.076844
6.061000 0.078444
6.063000 0.078121
6.199000 0.076844
6.201000 0.076844
6.203000 0.076844
6.215000 0.076844
6.217000 0.076844
6.290682 0.076844
6.350936 0.076844
6.352936 0.076844
6.354936 0.076977
6.366936 0.077974
6.369000 0.077587
6.503000 0.076844
6.504000 0.077521
6.522000 0.076844
6.523000 0.077857
6.657000 0.076844
6.658000 0.077857
6.659000 0.078534
6.676000 0.077734
6.677000 0.078411
6.678000 0.079088
6.679000 0.079765
6.811000 0.076844
6.812000 0.077521
6.829000 0.076844
6.830000 0.077521
6.833000 0.076844
6.834000 0.077857
6.963000 0.076844
6.964000 0.077521
6.965000 0.078198
6.981000 0.076844
6.982000 0.077521
6.985000 0.076913
6.986000 0.077590
7.115000 0.076844
7.116000 0.077521
7.119000 0.076844
7.120000 0.077857
7.121000 0.078534
7.135000 0.076844
7.136000 0.077857
7.139000 0.076844
7.140000 0.077521
7.269000 0.076844
7.270000 0.077521
7.273000 0.076844
7.274000 0.077521
7.275000 0.078198
7.287000 0.076844
7.288000 0.077857
7.289000 0.078534
7.290936 0.078275
7.427000 0.076844
7.429000 0.076844
7.439000 0.076844
7.441000 0.076844
7.443000 0.076844
7.579000 0.076844
7.580000 0.077521
7.581000 0.078198
7.582000 0.078875
7.591000 0.076844
7.592000 0.077521
7.595000 0.076844
7.596000 0.077521
7.733000 0.076844
7.734000 0.077521
7.736000 0.077198
7.737000 0.077875
7.738000 0.078552
7.745000 0.076844
7.746000 0.077521
7.749000 0.076844
7.750000 0.077521
7.887000 0.076844
7.888000 0.077521
7.890000 0.077198
7.891000 0.077875
7.892000 0.078552
7.893000 0.079228
7.897000 0.076905
7.898000 0.077582
7.901000 0.076844
7.902000 0.077521
8.039000 0.076844
8.040000 0.077521
8.043000 0.076844
8.044000 0.077521
8.046000 0.077198
8.047000 0.077875
8.049000 0.077552
8.050000 0.078228
8.051000 0.078905
8.053000 0.078582
8.054000 0.079259
8.191000 0.076844
8.192000 0.077521
8.195000 0.076844
8.196000 0.077521
8.199000 0.076844
8.200000 0.077521
8.202000 0.077198
8.203000 0.077875
8.204000 0.078552
8.205000 0.079228
8.206000 0.079905
8.207000 0.080582
8.209000 0.080259
8.210000 0.080936
8.345000 0.076844
8.346000 0.077521
8.349000 0.076844
8.350000 0.077521
8.353000 0.076844
8.354000 0.077521
8.356000 0.077198
8.357000 0.077875
8.360000 0.076844
8.361000 0.077521
8.362000 0.078198
8.363000 0.078875
8.364000 0.079552
8.367000 0.078228
8.368000 0.078905
8.499000 0.076844
8.500000 0.077521
8.503000 0.076844
8.504000 0.077521
8.507000 0.076844
8.508000 0.077521
8.510000 0.077198
8.511000 0.077875
8.514000 0.076844
8.515000 0.077521
8.516000 0.078198
8.517000 0.078875
8.518000 0.079552
8.521000 0.078228
8.522000 0.078905
8.651000 0.076844
8.652000 0.077521
8.655000 0.076844
8.656000 0.077521
8.659000 0.076844
8.660000 0.077521
8.663000 0.076844
8.664000 0.077521
8.666000 0.077198
8.667000 0.077875
8.670000 0.076844
8.671000 0.077521
8.672000 0.078198
8.673000 0.078875
8.674000 0.079552
8.675000 0.080228
8.676000 0.080905
8.677000 0.081582
8.805000 0.076844
8.806000 0.077521
8.809000 0.076844
8.810000 0.077521
8.813000 0.076844
8.814000 0.077521
8.817000 0.076844
8.818000 0.077521
8.820000 0.077198
8.821000 0.077875
8.824000 0.076844
8.825000 0.077521
8.827000 0.077198
8.828000 0.077875
8.829000 0.078552
8.831000 0.078228
8.832000 0.078905
8.834000 0.078582
8.835000 0.079259
8.959000 0.076844
8.960000 0.077521
8.963000 0.076844
8.964000 0.077521
8.967000 0.076844
8.968000 0.077521
8.971000 0.076844
8.972000 0.077521
8.974000 0.077198
8.975000 0.077875
8.978000 0.076844
8.979000 0.077521
8.981000 0.077198
8.982000 0.077875
8.983000 0.078552
8.984000 0.079228
8.985000 0.079905
8.986000 0.080582
8.988000 0.080259
8.989000 0.080936
9.111000 0.076844
9.112000 0.077521
9.115000 0.076844
9.116000 0.077521
9.119000 0.076844
9.120000 0.077521
9.123000 0.076844
9.124000 0.077521
9.127000 0.076844
9.128000 0.077521
9.130000 0.077198
9.131000 0.077875
9.134000 0.076844
9.135000 0.077521
9.137000 0.077198
9.138000 0.077875
9.139000 0.078552
9.140000 0.079228
9.141000 0.079905
9.144000 0.078582
9.145000 0.079259
9.263000 0.076844
9.264000 0.077521
9.267000 0.076844
9.268000 0.077521
9.271000 0.076844
9.272000 0.077521
9.275000 0.076844
9.276000 0.077521
9.279000 0.076844
9.280000 0.077521
9.283000 0.076844
9.284000 0.077521
9.286000 0.077198
9.287000 0.077875
9.290000 0.076844
9.291000 0.077521
9.293000 0.077198
9.294000 0.077875
9.295000 0.078552
9.296000 0.079228
9.297000 0.079905
9.298000 0.080582
9.300000 0.080259
9.301000 0.080936
9.417000 0.076844
9.418000 0.077521
9.421000 0.076844
9.422000 0.077521
9.425000 0.076844
9.426000 0.077521
9.429000 0.076844
9.430000 0.077521
9.433000 0.076844
9.434000 0.077521
9.437000 0.076844
9.438000 0.077521
9.440000 0.077198
9.441000 0.077875
9.444000 0.076844
9.445000 0.077521
9.447000 0.077198
9.448000 0.077875
9.451000 0.076844
9.452000 0.077521
9.453000 0.078198
9.454000 0.078875
9.455000 0.079552
9.458000 0.078228
9.459000 0.078905
9.571000 0.076844
9.572000 0.077521
9.575000 0.076844
9.576000 0.077521
9.579000 0.076844
9.580000 0.077521
9.583000 0.076844
9.584000 0.077521
9.587000 0.076844
9.588000 0.077521
9.591000 0.076844
9.592000 0.077521
9.594000 0.077198
9.595000 0.077875
9.598000 0.076844
9.599000 0.077521
9.601000 0.077198
9.602000 0.077875
9.605000 0.076844
9.606000 0.077521
9.607000 0.078198
9.608000 0.078875
9.609000 0.079552
9.610000 0.080228
9.612000 0.079905
9.613000 0.080582
9.723000 0.076844
9.724000 0.077521
9.727000 0.076844
9.728000 0.077521
9.731000 0.076844
9.732000 0.077521
9.735000 0.076844
9.736000 0.077521
9.739000 0.076844
9.740000 0.077521
9.743000 0.076844
9.744000 0.077521
9.747000 0.076844
9.748000 0.077521
9.750000 0.077198
9.751000 0.077875
9.754000 0.076844
9.755000 0.077521
9.757000 0.077198
9.758000 0.077875
9.761000 0.076844
9.762000 0.077521
9.763000 0.078198
9.764000 0.078875
9.765000 0.079552
9.767000 0.079228
9.768000 0.079905
9.875000 0.076844
9.876000 0.077521
9.879000 0.076844
9.880000 0.077521
9.883000 0.076844
9.884000 0.077521
9.887000 0.076844
9.888000 0.077521
9.891000 0.076844
9.892000 0.077521
9.895000 0.076844
9.896000 0.077521
9.899000 0.076844
9.900000 0.077521
9.903000 0.076844
9.904000 0.077521
9.906000 0.077198
9.907000 0.077875
9.910000 0.076844
9.911000 0.077521
9.913000 0.077198
9.914000 0.077875
9.917000 0.076844
9.918000 0.077521
9.919000 0.078198
9.920000 0.078875
9.921000 0.079552
9.923000 0.079228
9.924000 0.079905
10.029000 0.076844
10.030000 0.077521
10.033000 0.076844
10.034000 0.077521
10.037000 0.076844
10.038000 0.077521
10.041000 0.076844
10.042000 0.077521
10.045000 0.076844
10.046000 0.077521
10.049000 0.076844
10.050000 0.077521
10.053000 0.076844
10.054000 0.077521
10.057000 0.076844
10.058000 0.077521
10.060000 0.077198
10.061000 0.077875
10.064000 0.076844
10.065000 0.077521
10.067000 0.077198
10.068000 0.077875
10.071000 0.076844
10.072000 0.077521
10.073000 0.078198
10.074000 0.078875
10.075000 0.079552
10.076000 0.080228
10.078000 0.079905
10.079000 0.080582
10.181000 0.076844
10.182000 0.077521
10.185000 0.076844
10.186000 0.077521
10.189000 0.076844
10.190000 0.077521
10.193000 0.076844
10.194000 0.077521
10.197000 0.076844
10.198000 0.077521
10.201000 0.076844
10.202000 0.077521
10.205000 0.076844
10.206000 0.077521
10.209000 0.076844
10.210000 0.077521
10.213000 0.076844
10.214000 0.077521
10.216000 0.077198
10.217000 0.077875
10.220000 0.076844
10.221000 0.077521
10.223000 0.077198
10.224000 0.077875
10.227000 0.076844
10.228000 0.077521
10.229000 0.078198
10.230000 0.078875
10.231000 0.079552
10.233000 0.079228
10.234000 0.079905
10.333000 0.076844
10.334000 0.077521
10.337000 0.076844
10.338000 0.077521
10.341000 0.076844
10.342000 0.077521
10.345000 0.076844
10.346000 0.077521
10.349000 0.076844
10.350000 0.077521
10.353000 0.076844
10.354000 0.077521
10.357000 0.076844
10.358000 0.077521
10.361000 0.076844
10.362000 0.077521
10.365000 0.076844
10.366000 0.077521
10.369000 0.076844
10.370000 0.077521
10.372000 0.077198
10.373000 0.077875
10.376000 0.076844
10.377000 0.077521
10.379000 0.077198
10.380000 0.077875
10.383000 0.076844
10.384000 0.077521
10.385000 0.078198
10.386000 0.078875
10.387000 0.079552
10.388000 0.080228
10.389000 0.080905
10.390000 0.081582
10.487000 0.076844
10.488000 0.077521
10.491000 0.076844
10.492000 0.077521
10.495000 0.076844
10.496000 0.077521
10.499000 0.076844
10.500000 0.077521
10.503000 0.076844
10.504000 0.077521
10.507000 0.076844
10.508000 0.077521
10.511000 0.076844
10.512000 0.077521
10.515000 0.076844
10.516000 0.077521
10.519000 0.076844
10.520000 0.077521
10.523000 0.076844
10.524000 0.077521
10.526000 0.077198
10.527000 0.077875
10.530000 0.076844
10.531000 0.077521
10.533000 0.077198
10.534000 0.077875
10.537000 0.076844
10.538000 0.077521
10.540000 0.077198
10.541000 0.077875
10.542000 0.078552
10.544000 0.078228
10.545000 0.078905
10.547000 0.078582
10.548000 0.079259
10.641000 0.076844
10.642000 0.077521
10.645000 0.076844
10.646000 0.077521
10.649000 0.076844
10.650000 0.077521
10.653000 0.076844
10.654000 0.077521
10.657000 0.076844
10.658000 0.077521
10.661000 0.076844
10.662000 0.077521
10.665000 0.076844
10.666000 0.077521
10.669000 0.076844
10.670000 0.077521
10.673000 0.076844
10.674000 0.077521
10.677000 0.076844
10.678000 0.077521
10.680000 0.077198
10.681000 0.077875
10.684000 0.076844
10.685000 0.077521
10.687000 0.077198
10.688000 0.077875
10.691000 0.076844
10.692000 0.077521
10.694000 0.077198
10.695000 0.077875
10.696000 0.078552
10.697000 0.079228
10.698000 0.079905
10.699000 0.080582
10.701000 0.080259
10.702000 0.080936
10.793000 0.076844
10.794000 0.077521
10.797000 0.076844
10.798000 0.077521
10.801000 0.076844
10.802000 0.077521
10.805000 0.076844
10.806000 0.077521
10.809000 0.076844
10.810000 0.077521
10.813000 0.076844
10.814000 0.077521
10.817000 0.076844
10.818000 0.077521
10.821000 0.076844
10.822000 0.077521
10.825000 0.076844
10.826000 0.077521
10.829000 0.076844
10.830000 0.077521
10.833000 0.076844
10.834000 0.077521
10.836000 0.077198
10.837000 0.077875
10.840000 0.076844
10.841000 0.077521
10.843000 0.077198
10.844000 0.077875
10.847000 0.076844
10.848000 0.077521
10.850000 0.077198
10.851000 0.077875
10.852000 0.078552
10.853000 0.079228
10.854000 0.079905
10.857000 0.078582
10.858000 0.079259
10.945000 0.076844
10.946000 0.077521
10.949000 0.076844
10.950000 0.077521
10.953000 0.076844
10.954000 0.077521
10.957000 0.076844
10.958000 0.077521
10.961000 0.076844
10.962000 0.077521
10.965000 0.076844
10.966000 0.077521
10.969000 0.076844
10.970000 0.077521
10.973000 0.076844
10.974000 0.077521
10.977000 0.076844
10.978000 0.077521
10.981000 0.076844
10.982000 0.077521
10.985000 0.076844
10.986000 0.077521
10.989000 0.076844
10.990000 0.077521
10.992000 0.077198
10.993000 0.077875
10.996000 0.076844
10.997000 0.077521
10.999000 0.077198
11.000000 0.077875
11.003000 0.076844
11.004000 0.077521
11.006000 0.077198
11.007000 0.077875
11.008000 0.078552
11.009000 0.079228
11.010000 0.079905
11.011000 0.080582
11.013000 0.080259
11.014000 0.080936
11.099000 0.076844
11.100000 0.077521
11.103000 0.076844
11.104000 0.077521
11.107000 0.076844
11.108000 0.077521
11.111000 0.076844
11.112000 0.077521
11.115000 0.076844
11.116000 0.077521
11.119000 0.076844
11.120000 0.077521
11.123000 0.076844
11.124000 0.077521
11.127000 0.076844
11.128000 0.077521
11.131000 0.076844
11.132000 0.077521
11.135000 0.076844
11.136000 0.077521
11.139000 0.076844
11.140000 0.077521
11.143000 0.076844
11.144000 0.077521
11.146000 0.077198
11.147000 0.077875
11.150000 0.076844
11.151000 0.077521
11.153000 0.077198
11.154000 0.077875
11.157000 0.076844
11.158000 0.077521
11.160000 0.077198
11.161000 0.077875
11.162000 0.078552
11.164000 0.078228
11.165000 0.078905
11.167000 0.078582
11.168000 0.079259
11.171000 0.077936
11.172000 0.078612
11.253000 0.076844
11.254000 0.077521
11.257000 0.076844
11.258000 0.077521
11.261000 0.076844
11.262000 0.077521
11.265000 0.076844
11.266000 0.077521
11.269000 0.076844
11.270000 0.077521
11.273000 0.076844
11.274000 0.077521
11.277000 0.076844
11.278000 0.077521
11.281000 0.076844
11.282000 0.077521
11.285000 0.076844
11.286000 0.077521
11.289000 0.076844
11.290000 0.077521
11.293000 0.076844
11.294000 0.077521
11.297000 0.076844
11.298000 0.077521
11.300000 0.077198
11.301000 0.077875
11.304000 0.076844
11.305000 0.077521
11.307000 0.077198
11.308000 0.077875
11.311000 0.076844
11.312000 0.077521
11.314000 0.077198
11.315000 0.077875
11.318000 0.076844
11.319000 0.077521
11.320000 0.078198
11.321000 0.078875
11.322000 0.079552
11.325000 0.078228
11.326000 0.078905
11.405000 0.076844
11.406000 0.077521
11.409000 0.076844
11.410000 0.077521
11.413000 0.076844
11.414000 0.077521
11.417000 0.076844
11.418000 0.077521
11.421000 0.076844
11.422000 0.077521
11.425000 0.076844
11.426000 0.077521
11.429000 0.076844
11.430000 0.077521
11.433000 0.076844
11.434000 0.077521
11.437000 0.076844
11.438000 0.077521
11.441000 0.076844
11.442000 0.077521
11.445000 0.076844
11.446000 0.077521
11.449000 0.076844
11.450000 0.077521
11.453000 0.076844
11.454000 0.077521
11.456000 0.077198
11.457000 0.077875
11.460000 0.076844
11.461000 0.077521
11.463000 0.077198
11.464000 0.077875
11.467000 0.076844
11.468000 0.077521
11.470000 0.077198
11.471000 0.077875
11.474000 0.076844
11.475000 0.077521
11.476000 0.078198
11.477000 0.078875
11.478000 0.079552
11.479000 0.080228
11.480000 0.080905
11.481000 0.081582
11.559000 0.076844
11.560000 0.077521
11.563000 0.076844
11.564000 0.077521
11.567000 0.076844
11.568000 0.077521
11.571000 0.076844
11.572000 0.077521
11.575000 0.076844
11.576000 0.077521
11.579000 0.076844
11.580000 0.077521
11.583000 0.076844
11.584000 0.077521
11.587000 0.076844
11.588000 0.077521
11.591000 0.076844
11.592000 0.077521
11.595000 0.076844
11.596000 0.077521
11.599000 0.076844
11.600000 0.077521
11.603000 0.076844
11.604000 0.077521
11.607000 0.076844
11.608000 0.077521
11.610000 0.077198
11.611000 0.077875
11.614000 0.076844
11.615000 0.077521
11.617000 0.077198
11.618000 0.077875
11.621000 0.076844
11.622000 0.077521
11.624000 0.077198
11.625000 0.077875
11.628000 0.076844
11.629000 0.077521
11.630000 0.078198
11.631000 0.078875
11.632000 0.079552
11.635000 0.078228
11.636000 0.078905
11.638000 0.078582
11.639000 0.079259
11.713000 0.076844
11.714000 0.077521
11.717000 0.076844
11.718000 0.077521
11.721000 0.076844
11.722000 0.077521
11.725000 0.076844
11.726000 0.077521
11.729000 0.076844
11.730000 0.077521
11.733000 0.076844
11.734000 0.077521
11.737000 0.076844
11.738000 0.077521
11.741000 0.076844
11.742000 0.077521
11.745000 0.076844
11.746000 0.077521
11.749000 0.076844
11.750000 0.077521
11.753000 0.076844
11.754000 0.077521
11.757000 0.076844
11.758000 0.077521
11.761000 0.076844
11.762000 0.077521
11.764000 0.077198
11.765000 0.077875
11.768000 0.076844
11.769000 0.077521
11.771000 0.077198
11.772000 0.077875
11.775000 0.076844
11.776000 0.077521
11.778000 0.077198
11.779000 0.077875
11.782000 0.076844
11.783000 0.077521
11.785000 0.077198
11.786000 0.077875
11.787000 0.078552
11.788000 0.079228
11.789000 0.079905
11.790000 0.080582
11.792000 0.080259
11.793000 0.080936
11.865000 0.076844
11.866000 0.077521
11.869000 0.076844
11.870000 0.077521
11.873000 0.076844
11.874000 0.077521
11.877000 0.076844
11.878000 0.077521
11.881000 0.076844
11.882000 0.077521
11.885000 0.076844
11.886000 0.077521
11.889000 0.076844
11.890000 0.077521
11.893000 0.076844
11.894000 0.077521
11.897000 0.076844
11.898000 0.077521
11.901000 0.076844
11.902000 0.077521
11.905000 0.076844
11.906000 0.077521
11.909000 0.076844
11.910000 0.077521
11.913000 0.076844
11.914000 0.077521
11.917000 0.076844
11.918000 0.077521
11.920000 0.077198
11.921000 0.077875
11.924000 0.076844
11.925000 0.077521
11.927000 0.077198
11.928000 0.077875
11.931000 0.076844
11.932000 0.077521
11.934000 0.077198
11.935000 0.077875
11.938000 0.076844
11.939000 0.077521
11.941000 0.077198
11.942000 0.077875
11.943000 0.078552
11.944000 0.079228
11.945000 0.079905
11.948000 0.078582
11.949000 0.079259
12.017000 0.076844
12.018000 0.077521
12.021000 0.076844
12.022000 0.077521
12.025000 0.076844
12.026000 0.077521
12.029000 0.076844
12.030000 0.077521
12.033000 0.076844
12.034000 0.077521
12.037000 0.076844
12.038000 0.077521
12.041000 0.076844
12.042000 0.077521
12.045000 0.076844
12.046000 0.077521
12.049000 0.076844
12.050000 0.077521
12.053000 0.076844
12.054000 0.077521
12.057000 0.076844
12.058000 0.077521
12.061000 0.076844
12.062000 0.077521
12.065000 0.076844
12.066000 0.077521
12.069000 0.076844
12.070000 0.077521
12.073000 0.076844
12.074000 0.077521
12.076000 0.077198
12.077000 0.077875
12.080000 0.076844
12.081000 0.077521
12.083000 0.077198
12.084000 0.077875
12.087000 0.076844
12.088000 0.077521
12.090000 0.077198
12.091000 0.077875
12.094000 0.076844
12.095000 0.077521
12.097000 0.077198
12.098000 0.077875
12.099000 0.078552
12.100000 0.079228
12.101000 0.079905
12.102000 0.080582
12.104000 0.080259
12.105000 0.080936
12.171000 0.076844
12.172000 0.077521
12.175000 0.076844
12.176000 0.077521
12.179000 0.076844
12.180000 0.077521
12.183000 0.076844
12.184000 0.077521
12.187000 0.076844
12.188000 0.077521
12.191000 0.076844
12.192000 0.077521
12.195000 0.076844
12.196000 0.077521
12.199000 0.076844
12.200000 0.077521
12.203000 0.076844
12.204000 0.077521
12.207000 0.076844
12.208000 0.077521
12.211000 0.076844
12.212000 0.077521
12.215000 0.076844
12.216000 0.077521
12.219000 0.076844
12.220000 0.077521
12.223000 0.076844
12.224000 0.077521
12.227000 0.076844
12.228000 0.077521
12.230000 0.077198
12.231000 0.077875
12.234000 0.076844
12.235000 0.077521
12.237000 0.077198
12.238000 0.077875
12.241000 0.076844
12.242000 0.077521
12.244000 0.077198
12.245000 0.077875
12.248000 0.076844
12.249000 0.077521
12.251000 0.077198
12.252000 0.077875
12.253000 0.078552
12.255000 0.078228
12.256000 0.078905
12.258000 0.078582
12.259000 0.079259
12.262000 0.077936
12.263000 0.078612
12.325000 0.076844
12.326000 0.077521
12.329000 0.076844
12.330000 0.077521
12.333000 0.076844
12.334000 0.077521
12.337000 0.076844
12.338000 0.077521
12.341000 0.076844
12.342000 0.077521
12.345000 0.076844
12.346000 0.077521
12.349000 0.076844
12.350000 0.077521
12.353000 0.076844
12.354000 0.077521
12.357000 0.076844
12.358000 0.077521
12.361000 0.076844
12.362000 0.077521
12.365000 0.076844
12.366000 0.077521
12.369000 0.076844
12.370000 0.077521
12.373000 0.076844
12.374000 0.077521
12.377000 0.076844
12.378000 0.077521
12.381000 0.076844
12.382000 0.077521
12.384000 0.077198
12.385000 0.077875
12.388000 0.076844
12.389000 0.077521
12.391000 0.077198
12.392000 0.077875
12.395000 0.076844
12.396000 0.077521
12.398000 0.077198
12.399000 0.077875
12.402000 0.076844
12.403000 0.077521
12.405000 0.077198
12.406000 0.077875
12.407000 0.078552
12.408000 0.079228
12.409000 0.079905
12.410000 0.080582
12.412000 0.080259
12.413000 0.080936
12.416000 0.079612
12.417000 0.080289
12.477000 0.076844
12.478000 0.077521
12.481000 0.076844
12.482000 0.077521
12.485000 0.076844
12.486000 0.077521
12.489000 0.076844
12.490000 0.077521
12.493000 0.076844
12.494000 0.077521
12.497000 0.076844
12.498000 0.077521
12.501000 0.076844
12.502000 0.077521
12.505000 0.076844
12.506000 0.077521
12.509000 0.076844
12.510000 0.077521
12.513000 0.076844
12.514000 0.077521
12.517000 0.076844
12.518000 0.077521
12.521000 0.076844
12.522000 0.077521
12.525000 0.076844
12.526000 0.077521
12.529000 0.076844
12.530000 0.077521
12.533000 0.076844
12.534000 0.077521
12.537000 0.076844
12.538000 0.077521
12.540000 0.077198
12.541000 0.077875
12.544000 0.076844
12.545000 0.077521
12.547000 0.077198
12.548000 0.077875
12.551000 0.076844
12.552000 0.077521
12.554000 0.077198
12.555000 0.077875
12.558000 0.076844
12.559000 0.077521
12.561000 0.077198
12.562000 0.077875
12.563000 0.078552
12.564000 0.079228
12.565000 0.079905
12.568000 0.078582
12.569000 0.079259
12.571000 0.078936
12.572000 0.079612
12.629000 0.076844
12.630000 0.077521
12.633000 0.076844
12.634000 0.077521
12.637000 0.076844
12.638000 0.077521
12.641000 0.076844
12.642000 0.077521
12.645000 0.076844
12.646000 0.077521
12.649000 0.076844
12.650000 0.077521
12.653000 0.076844
12.654000 0.077521
12.657000 0.076844
12.658000 0.077521
12.661000 0.076844
12.662000 0.077521
12.665000 0.076844
12.666000 0.077521
12.669000 0.076844
12.670000 0.077521
12.673000 0.076844
12.674000 0.077521
12.677000 0.076844
12.678000 0.077521
12.681000 0.076844
12.682000 0.077521
12.685000 0.076844
12.686000 0.077521
12.689000 0.076844
12.690000 0.077521
12.693000 0.076844
12.694000 0.077521
12.696000 0.077198
12.697000 0.077875
12.700000 0.076844
12.701000 0.077521
12.703000 0.077198
12.704000 0.077875
12.707000 0.076844
12.708000 0.077521
12.710000 0.077198
12.711000 0.077875
12.714000 0.076844
12.715000 0.077521
12.717000 0.077198
12.718000 0.077875
12.719000 0.078552
12.720000 0.079228
12.721000 0.079905
12.724000 0.078582
12.725000 0.079259
12.727000 0.078936
12.728000 0.079612
12.783000 0.076844
12.784000 0.077521
12.787000 0.076844
12.788000 0.077521
12.791000 0.076844
12.792000 0.077521
12.795000 0.076844
12.796000 0.077521
12.799000 0.076844
12.800000 0.077521
12.803000 0.076844
12.804000 0.077521
12.807000 0.076844
12.808000 0.077521
12.811000 0.076844
12.812000 0.077521
12.815000 0.076844
12.816000 0.077521
12.819000 0.076844
12.820000 0.077521
12.823000 0.076844
12.824000 0.077521
12.827000 0.076844
12.828000 0.077521
12.831000 0.076844
12.832000 0.077521
12.835000 0.076844
12.836000 0.077521
12.839000 0.076844
12.840000 0.077521
12.843000 0.076844
12.844000 0.077521
12.847000 0.076844
12.848000 0.077521
12.850000 0.077198
12.851000 0.077875
12.854000 0.076844
12.855000 0.077521
12.857000 0.077198
12.858000 0.077875
12.861000 0.076844
12.862000 0.077521
12.864000 0.077198
12.865000 0.077875
12.868000 0.076844
12.869000 0.077521
12.871000 0.077198
12.872000 0.077875
12.875000 0.076844
12.876000 0.077521
12.877000 0.078198
12.878000 0.078875
12.879000 0.079552
12.880000 0.080228
12.882000 0.079905
12.883000 0.080582
12.935000 0.076844
12.936000 0.077521
12.939000 0.076844
12.940000 0.077521
12.943000 0.076844
12.944000 0.077521
12.947000 0.076844
12.948000 0.077521
12.951000 0.076844
12.952000 0.077521
12.955000 0.076844
12.956000 0.077521
12.959000 0.076844
12.960000 0.077521
12.963000 0.076844
12.964000 0.077521
12.967000 0.076844
12.968000 0.077521
12.971000 0.076844
12.972000 0.077521
12.975000 0.076844
12.976000 0.077521
12.979000 0.076844
12.980000 0.077521
12.983000 0.076844
12.984000 0.077521
12.987000 0.076844
12.988000 0.077521
12.991000 0.076844
12.992000 0.077521
12.995000 0.076844
12.996000 0.077521
12.999000 0.076844
13.000000 0.077521
13.003000 0.076844
13.004000 0.077521
13.006000 0.077198
13.007000 0.077875
13.010000 0.076844
13.011000 0.077521
13.013000 0.077198
13.014000 0.077875
13.017000 0.076844
13.018000 0.077521
13.020000 0.077198
13.021000 0.077875
13.024000 0.076844
13.025000 0.077521
13.027000 0.077198
13.028000 0.077875
13.031000 0.076844
13.032000 0.077521
13.033000 0.078198
13.034000 0.078875
13.035000 0.079552
13.037000 0.079228
13.038000 0.079905
13.087000 0.076844
13.088000 0.077521
13.091000 0.076844
13.092000 0.077521
13.095000 0.076844
13.096000 0.077521
13.099000 0.076844
13.100000 0.077521
13.103000 0.076844
13.104000 0.077521
13.107000 0.076844
13.108000 0.077521
13.111000 0.076844
13.112000 0.077521
13.115000 0.076844
13.116000 0.077521
13.119000 0.076844
13.120000 0.077521
13.123000 0.076844
13.124000 0.077521
13.127000 0.076844
13.128000 0.077521
13.131000 0.076844
13.132000 0.077521
13.135000 0.076844
13.136000 0.077521
13.139000 0.076844
13.140000 0.077521
13.143000 0.076844
13.144000 0.077521
13.147000 0.076844
13.148000 0.077521
13.151000 0.076844
13.152000 0.077521
13.155000 0.076844
13.156000 0.077521
13.159000 0.076844
13.160000 0.077521
13.162000 0.077198
13.163000 0.077875
13.166000 0.076844
13.167000 0.077521
13.169000 0.077198
13.170000 0.077875
13.173000 0.076844
13.174000 0.077521
13.176000 0.077198
13.177000 0.077875
13.180000 0.076844
13.181000 0.077521
13.183000 0.077198
13.184000 0.077875
13.187000 0.076844
13.188000 0.077521
13.189000 0.078198
13.190000 0.078875
13.191000 0.079552
13.192000 0.080228
13.193000 0.080905
13.194000 0.081582
13.241000 0.076844
13.242000 0.077521
13.245000 0.076844
13.246000 0.077521
13.249000 0.076844
13.250000 0.077521
13.253000 0.076844
13.254000 0.077521
13.257000 0.076844
13.258000 0.077521
13.261000 0.076844
13.262000 0.077521
13.265000 0.076844
13.266000 0.077521
13.269000 0.076844
13.270000 0.077521
13.273000 0.076844
13.274000 0.077521
13.277000 0.076844
13.278000 0.077521
13.281000 0.076844
13.282000 0.077521
13.285000 0.076844
13.286000 0.077521
13.289000 0.076844
13.290000 0.077521
13.293000 0.076844
13.294000 0.077521
13.297000 0.076844
13.298000 0.077521
13.301000 0.076844
13.302000 0.077521
13.305000 0.076844
13.306000 0.077521
13.309000 0.076844
13.310000 0.077521
13.313000 0.076844
13.314000 0.077521
13.316000 0.077198
13.317000 0.077875
13.320000 0.076844
13.321000 0.077521
13.323000 0.077198
13.324000 0.077875
13.327000 0.076844
13.328000 0.077521
13.330000 0.077198
13.331000 0.077875
13.334000 0.076844
13.335000 0.077521
13.337000 0.077198
13.338000 0.077875
13.341000 0.076844
13.342000 0.077521
13.343000 0.078198
13.344000 0.078875
13.345000 0.079552
13.348000 0.078228
13.349000 0.078905
13.351000 0.078582
13.352000 0.079259
13.395000 0.076844
13.396000 0.077521
13.399000 0.076844
13.400000 0.077521
13.403000 0.076844
13.404000 0.077521
13.407000 0.076844
13.408000 0.077521
13.411000 0.076844
13.412000 0.077521
13.415000 0.076844
13.416000 0.077521
13.419000 0.076844
13.420000 0.077521
13.423000 0.076844
13.424000 0.077521
13.427000 0.076844
13.428000 0.077521
13.431000 0.076844
13.432000 0.077521
13.435000 0.076844
13.436000 0.077521
13.439000 0.076844
13.440000 0.077521
13.443000 0.076844
13.444000 0.077521
13.447000 0.076844
13.448000 0.077521
13.451000 0.076844
13.452000 0.077521
13.455000 0.076844
13.456000 0.077521
13.459000 0.076844
13.460000 0.077521
13.463000 0.076844
13.464000 0.077521
13.467000 0.076844
13.468000 0.077521
13.470000 0.077198
13.471000 0.077875
13.474000 0.076844
13.475000 0.077521
13.477000 0.077198
13.478000 0.077875
13.481000 0.076844
13.482000 0.077521
13.484000 0.077198
13.485000 0.077875
13.488000 0.076844
13.489000 0.077521
13.491000 0.077198
13.492000 0.077875
13.495000 0.076844
13.496000 0.077521
13.498000 0.077198
13.499000 0.077875
13.500000 0.078552
13.501000 0.079228
13.502000 0.079905
13.503000 0.080582
13.505000 0.080259
13.506000 0.080936
13.547000 0.076844
13.548000 0.077521
13.551000 0.076844
13.552000 0.077521
13.555000 0.076844
13.556000 0.077521
13.559000 0.076844
13.560000 0.077521
13.563000 0.076844
13.564000 0.077521
13.567000 0.076844
13.568000 0.077521
13.571000 0.076844
13.572000 0.077521
13.575000 0.076844
13.576000 0.077521
13.579000 0.076844
13.580000 0.077521
13.583000 0.076844
13.584000 0.077521
13.587000 0.076844
13.588000 0.077521
13.591000 0.076844
13.592000 0.077521
13.595000 0.076844
13.596000 0.077521
13.599000 0.076844
13.600000 0.077521
13.603000 0.076844
13.604000 0.077521
13.607000 0.076844
13.608000 0.077521
13.611000 0.076844
13.612000 0.077521
13.615000 0.076844
13.616000 0.077521
13.619000 0.076844
13.620000 0.077521
13.623000 0.076844
13.624000 0.077521
13.626000 0.077198
13.627000 0.077875
13.630000 0.076844
13.631000 0.077521
13.633000 0.077198
13.634000 0.077875
13.637000 0.076844
13.638000 0.077521
13.640000 0.077198
13.641000 0.077875
13.644000 0.076844
13.645000 0.077521
13.647000 0.077198
13.648000 0.077875
13.651000 0.076844
13.652000 0.077521
13.654000 0.077198
13.655000 0.077875
13.656000 0.078552
13.657000 0.079228
13.658000 0.079905
13.661000 0.078582
13.662000 0.079259
13.699000 0.076844
13.700000 0.077521
13.703000 0.076844
13.704000 0.077521
13.707000 0.076844
13.708000 0.077521
13.711000 0.076844
13.712000 0.077521
13.715000 0.076844
13.716000 0.077521
13.719000 0.076844
13.720000 0.077521
13.723000 0.076844
13.724000 0.077521
13.727000 0.076844
13.728000 0.077521
13.731000 0.076844
13.732000 0.077521
13.735000 0.076844
13.736000 0.077521
13.739000 0.076844
13.740000 0.077521
13.743000 0.076844
13.744000 0.077521
13.747000 0.076844
13.748000 0.077521
13.751000 0.076844
13.752000 0.077521
13.755000 0.076844
13.756000 0.077521
13.759000 0.076844
13.760000 0.077521
13.763000 0.076844
13.764000 0.077521
13.767000 0.076844
13.768000 0.077521
13.771000 0.076844
13.772000 0.077521
13.775000 0.076844
13.776000 0.077521
13.779000 0.076844
13.780000 0.077521
13.782000 0.077198
13.783000 0.077875
13.786000 0.076844
13.787000 0.077521
13.789000 0.077198
13.790000 0.077875
13.793000 0.076844
13.794000 0.077521
13.796000 0.077198
13.797000 0.077875
13.800000 0.076844
13.801000 0.077521
13.803000 0.077198
13.804000 0.077875
13.807000 0.076844
13.808000 0.077521
13.810000 0.077198
13.811000 0.077875
13.813000 0.077552
13.814000 0.078228
13.817000 0.076905
13.818000 0.077582
13.853000 0.076844
13.854000 0.077521
13.857000 0.076844
13.858000 0.077521
13.861000 0.076844
13.862000 0.077521
13.865000 0.076844
13.866000 0.077521
13.869000 0.076844
13.870000 0.077521
13.873000 0.076844
13.874000 0.077521
13.877000 0.076844
13.878000 0.077521
13.881000 0.076844
13.882000 0.077521
13.885000 0.076844
13.886000 0.077521
13.889000 0.076844
13.890000 0.077521
13.893000 0.076844
13.894000 0.077521
13.897000 0.076844
13.898000 0.077521
13.901000 0.076844
13.902000 0.077521
13.905000 0.076844
13.906000 0.077521
13.909000 0.076844
13.910000 0.077521
13.913000 0.076844
13.914000 0.077521
13.917000 0.076844
13.918000 0.077521
13.921000 0.076844
13.922000 0.077521
13.925000 0.076844
13.926000 0.077521
13.929000 0.076844
13.930000 0.077521
13.933000 0.076844
13.934000 0.077521
13.936000 0.077198
13.937000 0.077875
13.940000 0.076844
13.941000 0.077521
13.943000 0.077198
13.944000 0.077875
13.947000 0.076844
13.948000 0.077521
13.950000 0.077198
13.951000 0.077875
13.954000 0.076844
13.955000 0.077521
13.957000 0.077198
13.958000 0.077875
13.961000 0.076844
13.962000 0.077521
13.964000 0.077198
13.965000 0.077875
13.968000 0.076844
13.969000 0.077521
13.971000 0.077198
13.972000 0.077875
14.007000 0.076844
14.008000 0.077521
14.011000 0.076844
14.012000 0.077521
14.015000 0.076844
14.016000 0.077521
14.019000 0.076844
14.020000 0.077521
14.023000 0.076844
14.024000 0.077521
14.027000 0.076844
14.028000 0.077521
14.031000 0.076844
14.032000 0.077521
14.035000 0.076844
14.036000 0.077521
14.039000 0.076844
14.040000 0.077521
14.043000 0.076844
14.044000 0.077521
14.047000 0.076844
14.048000 0.077521
14.051000 0.076844
14.052000 0.077521
14.055000 0.076844
14.056000 0.077521
14.059000 0.076844
14.060000 0.077521
14.063000 0.076844
14.064000 0.077521
14.067000 0.076844
14.068000 0.077521
14.071000 0.076844
14.072000 0.077521
14.075000 0.076844
14.076000 0.077521
14.079000 0.076844
14.080000 0.077521
14.083000 0.076844
14.084000 0.077521
14.087000 0.076844
14.088000 0.077521
14.090000 0.077198
14.091000 0.077875
14.094000 0.076844
14.095000 0.077521
14.097000 0.077198
14.098000 0.077875
14.101000 0.076844
14.102000 0.077521
14.104000 0.077198
14.105000 0.077875
14.108000 0.076844
14.109000 0.077521
14.111000 0.077198
14.112000 0.077875
14.115000 0.076844
14.116000 0.077521
14.118000 0.077198
14.119000 0.077875
14.122000 0.076844
14.123000 0.077521
14.125000 0.077198
14.126000 0.077875
14.161000 0.076844
14.162000 0.077521
14.165000 0.076844
14.166000 0.077521
14.169000 0.076844
14.170000 0.077521
14.173000 0.076844
14.174000 0.077521
14.177000 0.076844
14.178000 0.077521
14.181000 0.076844
14.182000 0.077521
14.185000 0.076844
14.186000 0.077521
14.189000 0.076844
14.190000 0.077521
14.193000 0.076844
14.194000 0.077521
14.197000 0.076844
14.198000 0.077521
14.201000 0.076844
14.202000 0.077521
14.205000 0.076844
14.206000 0.077521
14.209000 0.076844
14.210000 0.077521
14.213000 0.076844
14.214000 0.077521
14.217000 0.076844
14.218000 0.077521
14.221000 0.076844
14.222000 0.077521
14.225000 0.076844
14.226000 0.077521
14.229000 0.076844
14.230000 0.077521
14.233000 0.076844
14.234000 0.077521
14.237000 0.076844
14.238000 0.077521
14.241000 0.076844
14.242000 0.077521
14.244000 0.077198
14.245000 0.077875
14.248000 0.076844
14.249000 0.077521
14.251000 0.077198
14.252000 0.077875
14.255000 0.076844
14.256000 0.077521
14.258000 0.077198
14.259000 0.077875
14.262000 0.076844
14.263000 0.077521
14.265000 0.077198
14.266000 0.077875
14.269000 0.076844
14.270000 0.077521
14.272000 0.077198
14.273000 0.077875
14.276000 0.076844
14.277000 0.077521
14.279000 0.077198
14.280000 0.077875
14.315000 0.076844
14.316000 0.077521
14.319000 0.076844
14.320000 0.077521
14.323000 0.076844
14.324000 0.077521
14.327000 0.076844
14.328000 0.077521
14.331000 0.076844
14.332000 0.077521
14.335000 0.076844
14.336000 0.077521
14.339000 0.076844
14.340000 0.077521
14.343000 0.076844
14.344000 0.077521
14.347000 0.076844
14.348000 0.077521
14.351000 0.076844
14.352000 0.077521
14.355000 0.076844
14.356000 0.077521
14.359000 0.076844
14.360000 0.077521
14.363000 0.076844
14.364000 0.077521
14.367000 0.076844
14.368000 0.077521
14.371000 0.076844
14.372000 0.077521
14.375000 0.076844
14.376000 0.077521
14.379000 0.076844
14.380000 0.077521
14.383000 0.076844
14.384000 0.077521
14.387000 0.076844
14.388000 0.077521
14.391000 0.076844
14.392000 0.077521
14.395000 0.076844
14.396000 0.077521
14.398000 0.077198
14.399000 0.077875
14.402000 0.076844
14.403000 0.077521
14.405000 0.077198
14.406000 0.077875
14.409000 0.076844
14.410000 0.077521
14.412000 0.077198
14.413000 0.077875
14.416000 0.076844
14.417000 0.077521
14.419000 0.077198
14.420000 0.077875
14.423000 0.076844
14.424000 0.077521
14.426000 0.077198
14.427000 0.077875
14.430000 0.076844
14.431000 0.077521
14.433000 0.077198
14.434000 0.077875
14.469000 0.076844
14.470000 0.077521
14.473000 0.076844
14.474000 0.077521
14.477000 0.076844
14.478000 0.077521
14.481000 0.076844
14.482000 0.077521
14.485000 0.076844
14.486000 0.077521
14.489000 0.076844
14.490000 0.077521
14.493000 0.076844
14.494000 0.077521
14.497000 0.076844
14.498000 0.077521
14.501000 0.076844
14.502000 0.077521
14.505000 0.076844
14.506000 0.077521
14.509000 0.076844
14.510000 0.077521
14.513000 0.076844
14.514000 0.077521
14.517000 0.076844
14.518000 0.077521
14.521000 0.076844
14.522000 0.077521
14.525000 0.076844
14.526000 0.077521
14.529000 0.076844
14.530000 0.077521
14.533000 0.076844
14.534000 0.077521
14.537000 0.076844
14.538000 0.077521
14.541000 0.076844
14.542000 0.077521
14.545000 0.076844
14.546000 0.077521
14.549000 0.076844
14.550000 0.077521
14.552000 0.077198
14.553000 0.077875
14.556000 0.076844
14.557000 0.077521
14.559000 0.077198
14.560000 0.077875
14.563000 0.076844
14.564000 0.077521
14.566000 0.077198
14.567000 0.077875
14.570000 0.076844
14.571000 0.077521
14.573000 0.077198
14.574000 0.077875
14.577000 0.076844
14.578000 0.077521
14.580000 0.077198
14.581000 0.077875
14.584000 0.076844
14.585000 0.077521
14.587000 0.077198
14.588000 0.077875
14.623000 0.076844
14.624000 0.077521
14.627000 0.076844
14.628000 0.077521
14.631000 0.076844
14.632000 0.077521
14.635000 0.076844
14.636000 0.077521
14.639000 0.076844
14.640000 0.077521
14.643000 0.076844
14.644000 0.077521
14.647000 0.076844
14.648000 0.077521
14.651000 0.076844
14.652000 0.077521
14.655000 0.076844
14.656000 0.077521
14.659000 0.076844
14.660000 0.077521
14.663000 0.076844
14.664000 0.077521
14.667000 0.076844
14.668000 0.077521
14.671000 0.076844
14.672000 0.077521
14.675000 0.076844
14.676000 0.077521
14.679000 0.076844
14.680000 0.077521
14.683000 0.076844
14.684000 0.077521
14.687000 0.076844
14.688000 0.077521
14.691000 0.076844
14.692000 0.077521
14.695000 0.076844
14.696000 0.077521
14.699000 0.076844
14.700000 0.077521
14.703000 0.076844
14.704000 0.077521
14.706000 0.077198
14.707000 0.077875
14.710000 0.076844
14.711000 0.077521
14.713000 0.077198
14.714000 0.077875
14.717000 0.076844
14.718000 0.077521
14.720000 0.077198
14.721000 0.077875
14.724000 0.076844
14.725000 0.077521
14.727000 0.077198
14.728000 0.077875
14.731000 0.076844
14.732000 0.077521
14.734000 0.077198
14.735000 0.077875
14.738000 0.076844
14.739000 0.077521
14.741000 0.077198
14.742000 0.077875
14.777000 0.076844
14.778000 0.077521
14.781000 0.076844
14.782000 0.077521
14.785000 0.076844
14.786000 0.077521
14.789000 0.076844
14.790000 0.077521
14.793000 0.076844
14.794000 0.077521
14.797000 0.076844
14.798000 0.077521
14.801000 0.076844
14.802000 0.077521
14.805000 0.076844
14.806000 0.077521
14.809000 0.076844
14.810000 0.077521
14.813000 0.076844
14.814000 0.077521
14.817000 0.076844
14.818000 0.077521
14.821000 0.076844
14.822000 0.077521
14.825000 0.076844
14.826000 0.077521
14.829000 0.076844
14.830000 0.077521
14.833000 0.076844
14.834000 0.077521
14.837000 0.076844
14.838000 0.077521
14.841000 0.076844
14.842000 0.077521
14.845000 0.076844
14.846000 0.077521
14.849000 0.076844
14.850000 0.077521
14.853000 0.076844
14.854000 0.077521
14.857000 0.076844
14.858000 0.077521
14.860000 0.077198
14.861000 0.077875
14.864000 0.076844
14.865000 0.077521
14.867000 0.077198
14.868000 0.077875
14.871000 0.076844
14.872000 0.077521
14.874000 0.077198
14.875000 0.077875
14.878000 0.076844
14.879000 0.077521
14.881000 0.077198
14.882000 0.077875
14.885000 0.076844
14.886000 0.077521
14.888000 0.077198
14.889000 0.077875
14.892000 0.076844
14.893000 0.077521
14.895000 0.077198
14.896000 0.077875
14.931000 0.076844
14.932000 0.077521
14.935000 0.076844
14.936000 0.077521
14.939000 0.076844
14.940000 0.077521
14.943000 0.076844
14.944000 0.077521
14.947000 0.076844
14.948000 0.077521
14.951000 0.076844
14.952000 0.077521
14.955000 0.076844
14.956000 0.077521
14.959000 0.076844
14.960000 0.077521
14.963000 0.076844
14.964000 0.077521
14.967000 0.076844
14.968000 0.077521
14.971000 0.076844
14.972000 0.077521
14.975000 0.076844
14.976000 0.077521
14.979000 0.076844
14.980000 0.077521
14.983000 0.076844
14.984000 0.077521
14.987000 0.076844
14.988000 0.077521
14.991000 0.076844
14.992000 0.077521
14.995000 0.076844
14.996000 0.077521
14.999000 0.076844
15.000000 0.077521
15.003000 0.076844
15.004000 0.077521
15.007000 0.076844
15.008000 0.077521
15.011000 0.076844
15.012000 0.077521
15.014000 0.077198
15.015000 0.077875
15.018000 0.076844
15.019000 0.077521
15.021000 0.077198
15.022000 0.077875
15.025000 0.076844
15.026000 0.077521
15.028000 0.077198
15.029000 0.077875
15.032000 0.076844
15.033000 0.077521
15.035000 0.077198
15.036000 0.077875
15.039000 0.076844
15.040000 0.077521
15.042000 0.077198
15.043000 0.077875
15.046000 0.076844
15.047000 0.077521
15.049000 0.077198
15.050000 0.077875
15.085000 0.076844
15.086000 0.077521
15.089000 0.076844
15.090000 0.077521
15.093000 0.076844
15.094000 0.077521
15.097000 0.076844
15.098000 0.077521
15.101000 0.076844
15.102000 0.077521
15.105000 0.076844
15.106000 0.077521
15.109000 0.076844
15.110000 0.077521
15.113000 0.076844
15.114000 0.077521
15.117000 0.076844
15.118000 0.077521
15.121000 0.076844
15.122000 0.077521
15.125000 0.076844
15.126000 0.077521
15.129000 0.076844
15.130000 0.077521
15.133000 0.076844
15.134000 0.077521
15.137000 0.076844
15.138000 0.077521
15.141000 0.076844
15.142000 0.077521
15.145000 0.076844
15.146000 0.077521
15.149000 0.076844
15.150000 0.077521
15.153000 0.076844
15.154000 0.077521
15.157000 0.076844
15.158000 0.077521
15.161000 0.076844
15.162000 0.077521
15.165000 0.076844
15.166000 0.077521
15.168000 0.077198
15.169000 0.077875
15.172000 0.076844
15.173000 0.077521
15.175000 0.077198
15.176000 0.077875
15.179000 0.076844
15.180000 0.077521
15.182000 0.077198
15.183000 0.077875
15.186000 0.076844
15.187000 0.077521
15.189000 0.077198
15.190000 0.077875
15.193000 0.076844
15.194000 0.077521
15.196000 0.077198
15.197000 0.077875
15.200000 0.076844
15.201000 0.077521
15.203000 0.077198
15.204000 0.077875
15.239000 0.076844
15.240000 0.077521
15.243000 0.076844
15.244000 0.077521
15.247000 0.076844
15.248000 0.077521
15.251000 0.076844
15.252000 0.077521
15.255000 0.076844
15.256000 0.077521
15.259000 0.076844
15.260000 0.077521
15.263000 0.076844
15.264000 0.077521
15.267000 0.076844
15.268000 0.077521
15.271000 0.076844
15.272000 0.077521
15.275000 0.076844
15.276000 0.077521
15.279000 0.076844
15.280000 0.077521
15.283000 0.076844
15.284000 0.077521
15.287000 0.076844
15.288000 0.077521
15.291000 0.076844
15.292000 0.077521
15.295000 0.076844
15.296000 0.077521
15.299000 0.076844
15.300000 0.077521
15.303000 0.076844
15.304000 0.077521
15.307000 0.076844
15.308000 0.077521
15.311000 0.076844
15.312000 0.077521
15.315000 0.076844
15.316000 0.077521
15.319000 0.076844
15.320000 0.077521
15.322000 0.077198
15.323000 0.077875
15.326000 0.076844
15.327000 0.077521
15.329000 0.077198
15.330000 0.077875
15.333000 0.076844
15.334000 0.077521
15.336000 0.077198
15.337000 0.077875
15.340000 0.076844
15.341000 0.077521
15.343000 0.077198
15.344000 0.077875
15.347000 0.076844
15.348000 0.077521
15.350000 0.077198
15.351000 0.077875
15.354000 0.076844
15.355000 0.077521
15.357000 0.077198
15.358000 0.077875
15.393000 0.076844
15.394000 0.077521
15.397000 0.076844
15.398000 0.077521
15.401000 0.076844
15.402000 0.077521
15.405000 0.076844
15.406000 0.077521
15.409000 0.076844
15.410000 0.077521
15.413000 0.076844
15.414000 0.077521
15.417000 0.076844
15.418000 0.077521
15.421000 0.076844
15.422000 0.077521
15.425000 0.076844
15.426000 0.077521
15.429000 0.076844
15.430000 0.077521
15.433000 0.076844
15.434000 0.077521
15.437000 0.076844
15.438000 0.077521
15.441000 0.076844
15.442000 0.077521
15.445000 0.076844
15.446000 0.077521
15.449000 0.076844
15.450000 0.077521
15.453000 0.076844
15.454000 0.077521
15.457000 0.076844
15.458000 0.077521
15.461000 0.076844
15.462000 0.077521
15.465000 0.076844
15.466000 0.077521
15.469000 0.076844
15.470000 0.077521
15.473000 0.076844
15.474000 0.077521
15.476000 0.077198
15.477000 0.077875
15.480000 0.076844
15.481000 0.077521
15.483000 0.077198
15.484000 0.077875
15.487000 0.076844
15.488000 0.077521
15.490000 0.077198
15.491000 0.077875
15.494000 0.076844
15.495000 0.077521
15.497000 0.077198
15.498000 0.077875
15.501000 0.076844
15.502000 0.077521
15.504000 0.077198
15.505000 0.077875
15.508000 0.076844
15.509000 0.077521
15.511000 0.077198
15.512000 0.077875
15.547000 0.076844
15.548000 0.077521
15.551000 0.076844
15.552000 0.077521
15.555000 0.076844
15.556000 0.077521
15.559000 0.076844
15.560000 0.077521
15.563000 0.076844
15.564000 0.077521
15.567000 0.076844
15.568000 0.077521
15.571000 0.076844
15.572000 0.077521
15.575000 0.076844
15.576000 0.077521
15.579000 0.076844
15.580000 0.077521
15.583000 0.076844
15.584000 0.077521
15.587000 0.076844
15.588000 0.077521
15.591000 0.076844
15.592000 0.077521
15.595000 0.076844
15.596000 0.077521
15.599000 0.076844
15.600000 0.077521
15.603000 0.076844
15.604000 0.077521
15.607000 0.076844
15.608000 0.077521
15.611000 0.076844
15.612000 0.077521
15.615000 0.076844
15.616000 0.077521
15.619000 0.076844
15.620000 0.077521
15.623000 0.076844
15.624000 0.077521
15.627000 0.076844
15.628000 0.077521
15.630000 0.077198
15.631000 0.077875
15.634000 0.076844
15.635000 0.077521
15.637000 0.077198
15.638000 0.077875
15.641000 0.076844
15.642000 0.077521
15.644000 0.077198
15.645000 0.077875
15.648000 0.076844
15.649000 0.077521
15.651000 0.077198
15.652000 0.077875
15.655000 0.076844
15.656000 0.077521
15.658000 0.077198
15.659000 0.077875
15.662000 0.076844
15.663000 0.077521
15.665000 0.077198
15.666000 0.077875
15.701000 0.076844
15.702000 0.077521
15.705000 0.076844
15.706000 0.077521
15.709000 0.076844
15.710000 0.077521
15.713000 0.076844
15.714000 0.077521
15.717000 0.076844
15.718000 0.077521
15.721000 0.076844
15.722000 0.077521
15.725000 0.076844
15.726000 0.077521
15.729000 0.076844
15.730000 0.077521
15.733000 0.076844
15.734000 0.077521
15.737000 0.076844
15.738000 0.077521
15.741000 0.076844
15.742000 0.077521
15.745000 0.076844
15.746000 0.077521
15.749000 0.076844
15.750000 0.077521
15.753000 0.076844
15.754000 0.077521
15.757000 0.076844
15.758000 0.077521
15.761000 0.076844
15.762000 0.077521
15.765000 0.076844
15.766000 0.077521
15.769000 0.076844
15.770000 0.077521
15.773000 0.076844
15.774000 0.077521
15.777000 0.076844
15.778000 0.077521
15.781000 0.076844
15.782000 0.077521
15.784000 0.077198
15.785000 0.077875
15.788000 0.076844
15.789000 0.077521
15.791000 0.077198
15.792000 0.077875
15.795000 0.076844
15.796000 0.077521
15.798000 0.077198
15.799000 0.077875
15.802000 0.076844
15.803000 0.077521
15.805000 0.077198
15.806000 0.077875
15.809000 0.076844
15.810000 0.077521
15.812000 0.077198
15.813000 0.077875
15.816000 0.076844
15.817000 0.077521
15.819000 0.077198
15.820000 0.077875
15.855000 0.076844
15.856000 0.077521
15.859000 0.076844
15.860000 0.077521
15.863000 0.076844
15.864000 0.077521
15.867000 0.076844
15.868000 0.077521
15.871000 0.076844
15.872000 0.077521
15.875000 0.076844
15.876000 0.077521
15.879000 0.076844
15.880000 0.077521
15.883000 0.076844
15.884000 0.077521
15.887000 0.076844
15.888000 0.077521
15.891000 0.076844
15.892000 0.077521
15.895000 0.076844
15.896000 0.077521
15.899000 0.076844
15.900000 0.077521
15.903000 0.076844
15.904000 0.077521
15.907000 0.076844
15.908000 0.077521
15.911000 0.076844
15.912000 0.077521
15.915000 0.076844
15.916000 0.077521
15.919000 0.076844
15.920000 0.077521
15.923000 0.076844
15.924000 0.077521
15.927000 0.076844
15.928000 0.077521
15.931000 0.076844
15.932000 0.077521
15.935000 0.076844
15.936000 0.077521
15.938000 0.077198
15.939000 0.077875
15.942000 0.076844
15.943000 0.077521
15.945000 0.077198
15.946000 0.077875
15.949000 0.076844
15.950000 0.077521
15.952000 0.077198
15.953000 0.077875
15.956000 0.076844
15.957000 0.077521
15.959000 0.077198
15.960000 0.077875
15.963000 0.076844
15.964000 0.077521
15.966000 0.077198
15.967000 0.077875
15.970000 0.076844
15.971000 0.077521
15.973000 0.077198
15.974000 0.077875
16.009000 0.076844
16.010000 0.077521
16.013000 0.076844
16.014000 0.077521
16.017000 0.076844
16.018000 0.077521
16.021000 0.076844
16.022000 0.077521
16.025000 0.076844
16.026000 0.077521
16.029000 0.076844
16.030000 0.077521
16.033000 0.076844
16.034000 0.077521
16.037000 0.076844
16.038000 0.077521
16.041000 0.076844
16.042000 0.077521
16.045000 0.076844
16.046000 0.077521
16.049000 0.076844
16.050000 0.077521
16.053000 0.076844
16.054000 0.077521
16.057000 0.076844
16.058000 0.077521
16.061000 0.076844
16.062000 0.077521
16.065000 0.076844
16.066000 0.077521
16.069000 0.076844
16.070000 0.077521
16.073000 0.076844
16.074000 0.077521
16.077000 0.076844
16.078000 0.077521
16.081000 0.076844
16.082000 0.077521
16.085000 0.076844
16.086000 0.077521
16.089000 0.076844
16.090000 0.077521
16.092000 0.077198
16.093000 0.077875
16.096000 0.076844
16.097000 0.077521
16.099000 0.077198
16.100000 0.077875
16.103000 0.076844
16.104000 0.077521
16.106000 0.077198
16.107000 0.077875
16.110000 0.076844
16.111000 0.077521
16.113000 0.077198
16.114000 0.077875
16.117000 0.076844
16.118000 0.077521
16.120000 0.077198
16.121000 0.077875
16.124000 0.076844
16.125000 0.077521
16.127000 0.077198
16.128000 0.077875
16.163000 0.076844
16.164000 0.077521
16.167000 0.076844
16.168000 0.077521
16.171000 0.076844
16.172000 0.077521
16.175000 0.076844
16.176000 0.077521
16.179000 0.076844
16.180000 0.077521
16.183000 0.076844
16.184000 0.077521
16.187000 0.076844
16.188000 0.077521
16.191000 0.076844
16.192000 0.077521
16.195000 0.076844
16.196000 0.077521
16.199000 0.076844
16.200000 0.077521
16.203000 0.076844
16.204000 0.077521
16.207000 0.076844
16.208000 0.077521
16.211000 0.076844
16.212000 0.077521
16.215000 0.076844
16.216000 0.077521
16.219000 0.076844
16.220000 0.077521
16.223000 0.076844
16.224000 0.077521
16.227000 0.076844
16.228000 0.077521
16.231000 0.076844
16.232000 0.077521
16.235000 0.076844
16.236000 0.077521
16.239000 0.076844
16.240000 0.077521
16.243000 0.076844
16.244000 0.077521
16.246000 0.077198
16.247000 0.077875
16.250000 0.076844
16.251000 0.077521
16.253000 0.077198
16.254000 0.077875
16.257000 0.076844
16.258000 0.077521
16.260000 0.077198
16.261000 0.077875
16.264000 0.076844
16.265000 0.077521
16.267000 0.077198
16.268000 0.077875
16.271000 0.076844
16.272000 0.077521
16.274000 0.077198
16.275000 0.077875
16.278000 0.076844
16.279000 0.077521
16.281000 0.077198
16.282000 0.077875
16.317000 0.076844
16.318000 0.077521
16.321000 0.076844
16.322000 0.077521
16.325000 0.076844
16.326000 0.077521
16.329000 0.076844
16.330000 0.077521
16.333000 0.076844
16.334000 0.077521
16.337000 0.076844
16.338000 0.077521
16.341000 0.076844
16.342000 0.077521
16.345000 0.076844
16.346000 0.077521
16.349000 0.076844
16.350000 0.077521
16.353000 0.076844
16.354000 0.077521
16.357000 0.076844
16.358000 0.077521
16.361000 0.076844
16.362000 0.077521
16.365000 0.076844
16.366000 0.077521
16.369000 0.076844
16.370000 0.077521
16.373000 0.076844
16.374000 0.077521
16.377000 0.076844
16.378000 0.077521
16.381000 0.076844
16.382000 0.077521
16.385000 0.076844
16.386000 0.077521
16.389000 0.076844
16.390000 0.077521
16.393000 0.076844
16.394000 0.077521
16.397000 0.076844
16.398000 0.077521
16.400000 0.077198
16.401000 0.077875
16.404000 0.076844
16.405000 0.077521
16.407000 0.077198
16.408000 0.077875
16.411000 0.076844
16.412000 0.077521
16.414000 0.077198
16.415000 0.077875
16.418000 0.076844
16.419000 0.077521
16.421000 0.077198
16.422000 0.077875
16.425000 0.076844
16.426000 0.077521
16.428000 0.077198
16.429000 0.077875
16.432000 0.076844
16.433000 0.077521
16.435000 0.077198
16.436000 0.077875
16.471000 0.076844
16.472000 0.077521
16.475000 0.076844
16.476000 0.077521
16.479000 0.076844
16.480000 0.077521
16.483000 0.076844
16.484000 0.077521
16.487000 0.076844
16.488000 0.077521
16.491000 0.076844
16.492000 0.077521
16.495000 0.076844
16.496000 0.077521
16.499000 0.076844
16.500000 0.077521
16.503000 0.076844
16.504000 0.077521
16.507000 0.076844
16.508000 0.077521
16.511000 0.076844
16.512000 0.077521
16.515000 0.076844
16.516000 0.077521
16.519000 0.076844
16.520000 0.077521
16.523000 0.076844
16.524000 0.077521
16.527000 0.076844
16.528000 0.077521
16.531000 0.076844
16.532000 0.077521
16.535000 0.076844
16.536000 0.077521
16.539000 0.076844
16.540000 0.077521
16.543000 0.076844
16.544000 0.077521
16.547000 0.076844
16.548000 0.077521
16.551000 0.076844
16.552000 0.077521
16.554000 0.077198
16.555000 0.077875
16.558000 0.076844
16.559000 0.077521
16.561000 0.077198
16.562000 0.077875
16.565000 0.076844
16.566000 0.077521
16.568000 0.077198
16.569000 0.077875
16.572000 0.076844
16.573000 0.077521
16.575000 0.077198
16.576000 0.077875
16.579000 0.076844
16.580000 0.077521
16.582000 0.077198
16.583000 0.077875
16.586000 0.076844
16.587000 0.077521
16.589000 0.077198
16.590000 0.077875
16.625000 0.076844
16.626000 0.077521
16.629000 0.076844
16.630000 0.077521
16.633000 0.076844
16.634000 0.077521
16.637000 0.076844
16.638000 0.077521
16.641000 0.076844
16.642000 0.077521
16.645000 0.076844
16.646000 0.077521
16.649000 0.076844
16.650000 0.077521
16.653000 0.076844
16.654000 0.077521
16.657000 0.076844
16.658000 0.077521
16.661000 0.076844
16.662000 0.077521
16.665000 0.076844
16.666000 0.077521
16.669000 0.076844
16.670000 0.077521
16.673000 0.076844
16.674000 0.077521
16.677000 0.076844
16.678000 0.077521
16.681000 0.076844
16.682000 0.077521
16.685000 0.076844
16.686000 0.077521
16.689000 0.076844
16.690000 0.077521
16.693000 0.076844
16.694000 0.077521
16.697000 0.076844
16.698000 0.077521
16.701000 0.076844
16.702000 0.077521
16.705000 0.076844
16.706000 0.077521
16.708000 0.077198
16.709000 0.077875
16.712000 0.076844
16.713000 0.077521
16.715000 0.077198
16.716000 0.077875
16.719000 0.076844
16.720000 0.077521
16.722000 0.077198
16.723000 0.077875
16.726000 0.076844
16.727000 0.077521
16.729000 0.077198
16.730000 0.077875
16.733000 0.076844
16.734000 0.077521
16.736000 0.077198
16.737000 0.077875
16.740000 0.076844
16.741000 0.077521
16.743000 0.077198
16.744000 0.077875
16.779000 0.076844
16.780000 0.077521
16.783000 0.076844
16.784000 0.077521
16.787000 0.076844
16.788000 0.077521
16.791000 0.076844
16.792000 0.077521
16.795000 0.076844
16.796000 0.077521
16.799000 0.076844
16.800000 0.077521
16.803000 0.076844
16.804000 0.077521
16.807000 0.076844
16.808000 0.077521
16.811000 0.076844
16.812000 0.077521
16.815000 0.076844
16.816000 0.077521
16.819000 0.076844
16.820000 0.077521
16.823000 0.076844
16.824000 0.077521
16.827000 0.076844
16.828000 0.077521
16.831000 0.076844
16.832000 0.077521
16.835000 0.076844
16.836000 0.077521
16.839000 0.076844
16.840000 0.077521
16.843000 0.076844
16.844000 0.077521
16.847000 0.076844
16.848000 0.077521
16.851000 0.076844
16.852000 0.077521
16.855000 0.076844
16.856000 0.077521
16.859000 0.076844
16.860000 0.077521
16.862000 0.077198
16.863000 0.077875
16.866000 0.076844
16.867000 0.077521
16.869000 0.077198
16.870000 0.077875
16.873000 0.076844
16.874000 0.077521
16.876000 0.077198
16.877000 0.077875
16.880000 0.076844
16.881000 0.077521
16.883000 0.077198
16.884000 0.077875
16.887000 0.076844
16.888000 0.077521
16.890000 0.077198
16.891000 0.077875
16.894000 0.076844
16.895000 0.077521
16.897000 0.077198
16.898000 0.077875
16.933000 0.076844
16.934000 0.077521
16.937000 0.076844
16.938000 0.077521
16.941000 0.076844
16.942000 0.077521
16.945000 0.076844
16.946000 0.077521
16.949000 0.076844
16.950000 0.077521
16.953000 0.076844
16.954000 0.077521
16.957000 0.076844
16.958000 0.077521
16.961000 0.076844
16.962000 0.077521
16.965000 0.076844
16.966000 0.077521
16.969000 0.076844
16.970000 0.077521
16.973000 0.076844
16.974000 0.077521
16.977000 0.076844
16.978000 0.077521
16.981000 0.076844
16.982000 0.077521
16.985000 0.076844
16.986000 0.077521
16.989000 0.076844
16.990000 0.077521
16.993000 0.076844
16.994000 0.077521
16.997000 0.076844
16.998000 0.077521
17.001000 0.076844
17.002000 0.077521
17.005000 0.076844
17.006000 0.077521
17.009000 0.076844
17.010000 0.077521
17.013000 0.076844
17.014000 0.077521
17.016000 0.077198
17.017000 0.077875
17.020000 0.076844
17.021000 0.077521
17.023000 0.077198
17.024000 0.077875
17.027000 0.076844
17.028000 0.077521
17.030000 0.077198
17.031000 0.077875
17.034000 0.076844
17.035000 0.077521
17.037000 0.077198
17.038000 0.077875
17.041000 0.076844
17.042000 0.077521
17.044000 0.077198
17.045000 0.077875
17.048000 0.076844
17.049000 0.077521
17.051000 0.077198
17.052000 0.077875
17.087000 0.076844
17.088000 0.077521
17.091000 0.076844
17.092000 0.077521
17.095000 0.076844
17.096000 0.077521
17.099000 0.076844
17.100000 0.077521
17.103000 0.076844
17.104000 0.077521
17.107000 0.076844
17.108000 0.077521
17.111000 0.076844
17.112000 0.077521
17.115000 0.076844
17.116000 0.077521
17.119000 0.076844
17.120000 0.077521
17.123000 0.076844
17.124000 0.077521
17.127000 0.076844
17.128000 0.077521
17.131000 0.076844
17.132000 0.077521
17.135000 0.076844
17.136000 0.077521
17.139000 0.076844
17.140000 0.077521
17.143000 0.076844
17.144000 0.077521
17.147000 0.076844
17.148000 0.077521
17.151000 0.076844
17.152000 0.077521
17.155000 0.076844
17.156000 0.077521
17.159000 0.076844
17.160000 0.077521
17.163000 0.076844
17.164000 0.077521
17.167000 0.076844
17.168000 0.077521
17.170000 0.077198
17.171000 0.077875
17.174000 0.076844
17.175000 0.077521
17.177000 0.077198
17.178000 0.077875
17.181000 0.076844
17.182000 0.077521
17.184000 0.077198
17.185000 0.077875
17.188000 0.076844
17.189000 0.077521
17.191000 0.077198
17.192000 0.077875
17.195000 0.076844
17.196000 0.077521
17.198000 0.077198
17.199000 0.077875
17.202000 0.076844
17.203000 0.077521
17.205000 0.077198
17.206000 0.077875
17.241000 0.076844
17.242000 0.077521
17.245000 0.076844
17.246000 0.077521
17.249000 0.076844
17.250000 0.077521
17.253000 0.076844
17.254000 0.077521
17.257000 0.076844
17.258000 0.077521
17.261000 0.076844
17.262000 0.077521
17.265000 0.076844
17.266000 0.077521
17.269000 0.076844
17.270000 0.077521
17.273000 0.076844
17.274000 0.077521
17.277000 0.076844
17.278000 0.077521
17.281000 0.076844
17.282000 0.077521
17.285000 0.076844
17.286000 0.077521
17.289000 0.076844
17.290000 0.077521
17.293000 0.076844
17.294000 0.077521
17.297000 0.076844
17.298000 0.077521
17.301000 0.076844
17.302000 0.077521
17.305000 0.076844
17.306000 0.077521
17.309000 0.076844
17.310000 0.077521
17.313000 0.076844
17.314000 0.077521
17.317000 0.076844
17.318000 0.077521
17.321000 0.076844
17.322000 0.077521
17.324000 0.077198
17.325000 0.077875
17.328000 0.076844
17.329000 0.077521
17.331000 0.077198
17.332000 0.077875
17.335000 0.076844
17.336000 0.077521
17.338000 0.077198
17.339000 0.077875
17.342000 0.076844
17.343000 0.077521
17.345000 0.077198
17.346000 0.077875
17.349000 0.076844
17.350000 0.077521
17.352000 0.077198
17.353000 0.077875
17.356000 0.076844
17.357000 0.077521
17.359000 0.077198
17.360000 0.077875
17.395000 0.076844
17.396000 0.077521
17.399000 0.076844
17.400000 0.077521
17.403000 0.076844
17.404000 0.077521
17.407000 0.076844
17.408000 0.077521
17.411000 0.076844
17.412000 0.077521
17.415000 0.076844
17.416000 0.077521
17.419000 0.076844
17.420000 0.077521
17.423000 0.076844
17.424000 0.077521
17.427000 0.076844
17.428000 0.077521
17.431000 0.076844
17.432000 0.077521
17.435000 0.076844
17.436000 0.077521
17.439000 0.076844
17.440000 0.077521
17.443000 0.076844
17.444000 0.077521
17.447000 0.076844
17.448000 0.077521
17.451000 0.076844
17.452000 0.077521
17.455000 0.076844
17.456000 0.077521
17.459000 0.076844
17.460000 0.077521
17.463000 0.076844
17.464000 0.077521
17.467000 0.076844
17.468000 0.077521
17.471000 0.076844
17.472000 0.077521
17.475000 0.076844
17.476000 0.077521
17.478000 0.077198
17.479000 0.077875
17.482000 0.076844
17.483000 0.077521
17.485000 0.077198
17.486000 0.077875
17.489000 0.076844
17.490000 0.077521
17.492000 0.077198
17.493000 0.077875
17.496000 0.076844
17.497000 0.077521
17.499000 0.077198
17.500000 0.077875
17.503000 0.076844
17.504000 0.077521
17.506000 0.077198
17.507000 0.077875
17.510000 0.076844
17.511000 0.077521
17.513000 0.077198
17.514000 0.077875
17.549000 0.076844
17.550000 0.077521
17.553000 0.076844
17.554000 0.077521
17.557000 0.076844
17.558000 0.077521
17.561000 0.076844
17.562000 0.077521
17.565000 0.076844
17.566000 0.077521
17.569000 0.076844
17.570000 0.077521
17.573000 0.076844
17.574000 0.077521
17.577000 0.076844
17.578000 0.077521
17.581000 0.076844
17.582000 0.077521
17.585000 0.076844
17.586000 0.077521
17.589000 0.076844
17.590000 0.077521
17.593000 0.076844
17.594000 0.077521
17.597000 0.076844
17.598000 0.077521
17.601000 0.076844
17.602000 0.077521
17.605000 0.076844
17.606000 0.077521
17.609000 0.076844
17.610000 0.077521
17.613000 0.076844
17.614000 0.077521
17.617000 0.076844
17.618000 0.077521
17.621000 0.076844
17.622000 0.077521
17.625000 0.076844
17.626000 0.077521
17.629000 0.076844
17.630000 0.077521
17.632000 0.077198
17.633000 0.077875
17.636000 0.076844
17.637000 0.077521
17.639000 0.077198
17.640000 0.077875
17.643000 0.076844
17.644000 0.077521
17.646000 0.077198
17.647000 0.077875
17.650000 0.076844
17.651000 0.077521
17.653000 0.077198
17.654000 0.077875
17.657000 0.076844
17.658000 0.077521
17.660000 0.077198
17.661000 0.077875
17.664000 0.076844
17.665000 0.077521
17.667000 0.077198
17.668000 0.077875
17.703000 0.076844
17.704000 0.077521
17.707000 0.076844
17.708000 0.077521
17.711000 0.076844
17.712000 0.077521
17.715000 0.076844
17.716000 0.077521
17.719000 0.076844
17.720000 0.077521
17.723000 0.076844
17.724000 0.077521
17.727000 0.076844
17.728000 0.077521
17.731000 0.076844
17.732000 0.077521
17.735000 0.076844
17.736000 0.077521
17.739000 0.076844
17.740000 0.077521
17.743000 0.076844
17.744000 0.077521
17.747000 0.076844
17.748000 0.077521
17.751000 0.076844
17.752000 0.077521
17.755000 0.076844
17.756000 0.077521
17.759000 0.076844
17.760000 0.077521
17.763000 0.076844
17.764000 0.077521
17.767000 0.076844
17.768000 0.077521
17.771000 0.076844
17.772000 0.077521
17.775000 0.076844
17.776000 0.077521
17.779000 0.076844
17.780000 0.077521
17.783000 0.076844
17.784000 0.077521
17.786000 0.077198
17.787000 0.077875
17.790000 0.076844
17.791000 0.077521
17.793000 0.077198
17.794000 0.077875
17.797000 0.076844
17.798000 0.077521
17.800000 0.077198
17.801000 0.077875
17.804000 0.076844
17.805000 0.077521
17.807000 0.077198
17.808000 0.077875
17.811000 0.076844
17.812000 0.077521
17.814000 0.077198
17.815000 0.077875
17.818000 0.076844
17.819000 0.077521
17.821000 0.077198
17.822000 0.077875
17.857000 0.076844
17.858000 0.077521
17.861000 0.076844
17.862000 0.077521
17.865000 0.076844
17.866000 0.077521
17.869000 0.076844
17.870000 0.077521
17.873000 0.076844
17.874000 0.077521
17.877000 0.076844
17.878000 0.077521
17.881000 0.076844
17.882000 0.077521
17.885000 0.076844
17.886000 0.077521
17.889000 0.076844
17.890000 0.077521
17.893000 0.076844
17.894000 0.077521
17.897000 0.076844
17.898000 0.077521
17.901000 0.076844
17.902000 0.077521
17.905000 0.076844
17.906000 0.077521
17.909000 0.076844
17.910000 0.077521
17.913000 0.076844
17.914000 0.077521
17.917000 0.076844
17.918000 0.077521
17.921000 0.076844
17.922000 0.077521
17.925000 0.076844
17.926000 0.077521
17.929000 0.076844
17.930000 0.077521
17.933000 0.076844
17.934000 0.077521
17.937000 0.076844
17.938000 0.077521
17.940000 0.077198
17.941000 0.077875
17.944000 0.076844
17.945000 0.077521
17.947000 0.077198
17.948000 0.077875
17.951000 0.076844
17.952000 0.077521
17.954000 0.077198
17.955000 0.077875
17.958000 0.076844
17.959000 0.077521
17.961000 0.077198
17.962000 0.077875
17.965000 0.076844
17.966000 0.077521
17.968000 0.077198
17.969000 0.077875
17.972000 0.076844
17.973000 0.077521
17.975000 0.077198
17.976000 0.077875
18.011000 0.076844
18.012000 0.077521
18.015000 0.076844
18.016000 0.077521
18.019000 0.076844
18.020000 0.077521
18.023000 0.076844
18.024000 0.077521
18.027000 0.076844
18.028000 0.077521
18.031000 0.076844
18.032000 0.077521
18.035000 0.076844
18.036000 0.077521
18.039000 0.076844
18.040000 0.077521
18.043000 0.076844
18.044000 0.077521
18.047000 0.076844
18.048000 0.077521
18.051000 0.076844
18.052000 0.077521
18.055000 0.076844
18.056000 0.077521
18.059000 0.076844
18.060000 0.077521
18.063000 0.076844
18.064000 0.077521
18.067000 0.076844
18.068000 0.077521
18.071000 0.076844
18.072000 0.077521
18.075000 0.076844
18.076000 0.077521
18.079000 0.076844
18.080000 0.077521
18.083000 0.076844
18.084000 0.077521
18.087000 0.076844
18.088000 0.077521
18.091000 0.076844
18.092000 0.077521
18.094000 0.077198
18.095000 0.077875
18.098000 0.076844
18.099000 0.077521
18.101000 0.077198
18.102000 0.077875
18.105000 0.076844
18.106000 0.077521
18.108000 0.077198
18.109000 0.077875
18.112000 0.076844
18.113000 0.077521
18.115000 0.077198
18.116000 0.077875
18.119000 0.076844
18.120000 0.077521
18.122000 0.077198
18.123000 0.077875
18.126000 0.076844
18.127000 0.077521
18.129000 0.077198
18.130000 0.077875
18.165000 0.076844
18.166000 0.077521
18.169000 0.076844
18.170000 0.077521
18.173000 0.076844
18.174000 0.077521
18.177000 0.076844
18.178000 0.077521
18.181000 0.076844
18.182000 0.077521
18.185000 0.076844
18.186000 0.077521
18.189000 0.076844
18.190000 0.077521
18.193000 0.076844
18.194000 0.077521
18.197000 0.076844
18.198000 0.077521
18.201000 0.076844
18.202000 0.077521
18.205000 0.076844
18.206000 0.077521
18.209000 0.076844
18.210000 0.077521
18.213000 0.076844
18.214000 0.077521
18.217000 0.076844
18.218000 0.077521
18.221000 0.076844
18.222000 0.077521
18.225000 0.076844
18.226000 0.077521
18.229000 0.076844
18.230000 0.077521
18.233000 0.076844
18.234000 0.077521
18.237000 0.076844
18.238000 0.077521
18.241000 0.076844
18.242000 0.077521
18.245000 0.076844
18.246000 0.077521
18.248000 0.077198
18.249000 0.077875
18.252000 0.076844
18.253000 0.077521
18.255000 0.077198
18.256000 0.077875
18.259000 0.076844
18.260000 0.077521
18.262000 0.077198
18.263000 0.077875
18.266000 0.076844
18.267000 0.077521
18.269000 0.077198
18.270000 0.077875
18.273000 0.076844
18.274000 0.077521
18.276000 0.077198
18.277000 0.077875
18.280000 0.076844
18.281000 0.077521
18.283000 0.077198
18.284000 0.077875
18.319000 0.076844
18.320000 0.077521
18.323000 0.076844
18.324000 0.077521
18.327000 0.076844
18.328000 0.077521
18.331000 0.076844
18.332000 0.077521
18.335000 0.076844
18.336000 0.077521
18.339000 0.076844
18.340000 0.077521
18.343000 0.076844
18.344000 0.077521
18.347000 0.076844
18.348000 0.077521
18.351000 0.076844
18.352000 0.077521
18.355000 0.076844
18.356000 0.077521
18.359000 0.076844
18.360000 0.077521
18.363000 0.076844
18.364000 0.077521
18.367000 0.076844
18.368000 0.077521
18.371000 0.076844
18.372000 0.077521
18.375000 0.076844
18.376000 0.077521
18.379000 0.076844
18.380000 0.077521
18.383000 0.076844
18.384000 0.077521
18.387000 0.076844
18.388000 0.077521
18.391000 0.076844
18.392000 0.077521
18.395000 0.076844
18.396000 0.077521
18.399000 0.076844
18.400000 0.077521
18.402000 0.077198
18.403000 0.077875
18.406000 0.076844
18.407000 0.077521
18.409000 0.077198
18.410000 0.077875
18.413000 0.076844
18.414000 0.077521
18.416000 0.077198
18.417000 0.077875
18.420000 0.076844
18.421000 0.077521
18.423000 0.077198
18.424000 0.077875
18.427000 0.076844
18.428000 0.077521
18.430000 0.077198
18.431000 0.077875
18.434000 0.076844
18.435000 0.077521
18.437000 0.077198
18.438000 0.077875
18.473000 0.076844
18.474000 0.077521
18.477000 0.076844
18.478000 0.077521
18.481000 0.076844
18.482000 0.077521
18.485000 0.076844
18.486000 0.077521
18.489000 0.076844
18.490000 0.077521
18.493000 0.076844
18.494000 0.077521
18.497000 0.076844
18.498000 0.077521
18.501000 0.076844
18.502000 0.077521
18.505000 0.076844
18.506000 0.077521
18.509000 0.076844
18.510000 0.077521
18.513000 0.076844
18.514000 0.077521
18.517000 0.076844
18.518000 0.077521
18.521000 0.076844
18.522000 0.077521
18.525000 0.076844
18.526000 0.077521
18.529000 0.076844
18.530000 0.077521
18.533000 0.076844
18.534000 0.077521
18.537000 0.076844
18.538000 0.077521
18.541000 0.076844
18.542000 0.077521
18.545000 0.076844
18.546000 0.077521
18.549000 0.076844
18.550000 0.077521
18.553000 0.076844
18.554000 0.077521
18.556000 0.077198
18.557000 0.077875
18.560000 0.076844
18.561000 0.077521
18.563000 0.077198
18.564000 0.077875
18.567000 0.076844
18.568000 0.077521
18.570000 0.077198
18.571000 0.077875
18.574000 0.076844
18.575000 0.077521
18.577000 0.077198
18.578000 0.077875
18.581000 0.076844
18.582000 0.077521
18.584000 0.077198
18.585000 0.077875
18.588000 0.076844
18.589000 0.077521
18.591000 0.077198
18.592000 0.077875
18.627000 0.076844
18.628000 0.077521
18.631000 0.076844
18.632000 0.077521
18.635000 0.076844
18.636000 0.077521
18.639000 0.076844
18.640000 0.077521
18.643000 0.076844
18.644000 0.077521
18.647000 0.076844
18.648000 0.077521
18.651000 0.076844
18.652000 0.077521
18.655000 0.076844
18.656000 0.077521
18.659000 0.076844
18.660000 0.077521
18.663000 0.076844
18.664000 0.077521
18.667000 0.076844
18.668000 0.077521
18.671000 0.076844
18.672000 0.077521
18.675000 0.076844
18.676000 0.077521
18.679000 0.076844
18.680000 0.077521
18.683000 0.076844
18.684000 0.077521
18.687000 0.076844
18.688000 0.077521
18.691000 0.076844
18.692000 0.077521
18.695000 0.076844
18.696000 0.077521
18.699000 0.076844
18.700000 0.077521
18.703000 0.076844
18.704000 0.077521
18.707000 0.076844
18.708000 0.077521
18.710000 0.077198
18.711000 0.077875
18.714000 0.076844
18.715000 0.077521
18.717000 0.077198
18.718000 0.077875
18.721000 0.076844
18.722000 0.077521
18.724000 0.077198
18.725000 0.077875
18.728000 0.076844
18.729000 0.077521
18.731000 0.077198
18.732000 0.077875
18.735000 0.076844
18.736000 0.077521
18.738000 0.077198
18.739000 0.077875
18.742000 0.076844
18.743000 0.077521
18.745000 0.077198
18.746000 0.077875
18.781000 0.076844
18.782000 0.077521
18.785000 0.076844
18.786000 0.077521
18.789000 0.076844
18.790000 0.077521
18.793000 0.076844
18.794000 0.077521
18.797000 0.076844
18.798000 0.077521
18.801000 0.076844
18.802000 0.077521
18.805000 0.076844
18.806000 0.077521
18.809000 0.076844
18.810000 0.077521
18.813000 0.076844
18.814000 0.077521
18.817000 0.076844
18.818000 0.077521
18.821000 0.076844
18.822000 0.077521
18.825000 0.076844
18.826000 0.077521
18.829000 0.076844
18.830000 0.077521
18.833000 0.076844
18.834000 0.077521
18.837000 0.076844
18.838000 0.077521
18.841000 0.076844
18.842000 0.077521
18.845000 0.076844
18.846000 0.077521
18.849000 0.076844
18.850000 0.077521
18.853000 0.076844
18.854000 0.077521
18.857000 0.076844
18.858000 0.077521
18.861000 0.076844
18.862000 0.077521
18.864000 0.077198
18.865000 0.077875
18.868000 0.076844
18.869000 0.077521
18.871000 0.077198
18.872000 0.077875
18.875000 0.076844
18.876000 0.077521
18.878000 0.077198
18.879000 0.077875
18.882000 0.076844
18.883000 0.077521
18.885000 0.077198
18.886000 0.077875
18.889000 0.076844
18.890000 0.077521
18.892000 0.077198
18.893000 0.077875
18.896000 0.076844
18.897000 0.077521
18.899000 0.077198
18.900000 0.077875
18.935000 0.076844
18.936000 0.077521
18.939000 0.076844
18.940000 0.077521
18.943000 0.076844
18.944000 0.077521
18.947000 0.076844
18.948000 0.077521
18.951000 0.076844
18.952000 0.077521
18.955000 0.076844
18.956000 0.077521
18.959000 0.076844
18.960000 0.077521
18.963000 0.076844
18.964000 0.077521
18.967000 0.076844
18.968000 0.077521
18.971000 0.076844
18.972000 0.077521
18.975000 0.076844
18.976000 0.077521
18.979000 0.076844
18.980000 0.077521
18.983000 0.076844
18.984000 0.077521
18.987000 0.076844
18.988000 0.077521
18.991000 0.076844
18.992000 0.077521
18.995000 0.076844
18.996000 0.077521
18.999000 0.076844
19.000000 0.077521
19.003000 0.076844
19.004000 0.077521
19.007000 0.076844
19.008000 0.077521
19.011000 0.076844
19.012000 0.077521
19.015000 0.076844
19.016000 0.077521
19.018000 0.077198
19.019000 0.077875
19.022000 0.076844
19.023000 0.077521
19.025000 0.077198
19.026000 0.077875
19.029000 0.076844
19.030000 0.077521
19.032000 0.077198
19.033000 0.077875
19.036000 0.076844
19.037000 0.077521
19.039000 0.077198
19.040000 0.077875
19.043000 0.076844
19.044000 0.077521
19.046000 0.077198
19.047000 0.077875
19.050000 0.076844
19.051000 0.077521
19.053000 0.077198
19.054000 0.077875
19.089000 0.076844
19.090000 0.077521
19.093000 0.076844
19.094000 0.077521
19.097000 0.076844
19.098000 0.077521
19.101000 0.076844
19.102000 0.077521
19.105000 0.076844
19.106000 0.077521
19.109000 0.076844
19.110000 0.077521
19.113000 0.076844
19.114000 0.077521
19.117000 0.076844
19.118000 0.077521
19.121000 0.076844
19.122000 0.077521
19.125000 0.076844
19.126000 0.077521
19.129000 0.076844
19.130000 0.077521
19.133000 0.076844
19.134000 0.077521
19.137000 0.076844
19.138000 0.077521
19.141000 0.076844
19.142000 0.077521
19.145000 0.076844
19.146000 0.077521
19.149000 0.076844
19.150000 0.077521
19.153000 0.076844
19.154000 0.077521
19.157000 0.076844
19.158000 0.077521
19.161000 0.076844
19.162000 0.077521
19.165000 0.076844
19.166000 0.077521
19.169000 0.076844
19.170000 0.077521
19.172000 0.077198
19.173000 0.077875
19.176000 0.076844
19.177000 0.077521
19.179000 0.077198
19.180000 0.077875
19.183000 0.076844
19.184000 0.077521
19.186000 0.077198
19.187000 0.077875
19.190000 0.076844
19.191000 0.077521
19.193000 0.077198
19.194000 0.077875
19.197000 0.076844
19.198000 0.077521
19.200000 0.077198
19.201000 0.077875
19.204000 0.076844
19.205000 0.077521
19.207000 0.077198
19.208000 0.077875
19.243000 0.076844
19.244000 0.077521
19.247000 0.076844
19.248000 0.077521
19.251000 0.076844
19.252000 0.077521
19.255000 0.076844
19.256000 0.077521
19.259000 0.076844
19.260000 0.077521
19.263000 0.076844
19.264000 0.077521
19.267000 0.076844
19.268000 0.077521
19.271000 0.076844
19.272000 0.077521
19.275000 0.076844
19.276000 0.077521
19.279000 0.076844
19.280000 0.077521
19.283000 0.076844
19.284000 0.077521
19.287000 0.076844
19.288000 0.077521
19.291000 0.076844
19.292000 0.077521
19.295000 0.076844
19.296000 0.077521
19.299000 0.076844
19.300000 0.077521
19.303000 0.076844
19.304000 0.077521
19.307000 0.076844
19.308000 0.077521
19.311000 0.076844
19.312000 0.077521
19.315000 0.076844
19.316000 0.077521
19.319000 0.076844
19.320000 0.077521
19.323000 0.076844
19.324000 0.077521
19.326000 0.077198
19.327000 0.077875
19.330000 0.076844
19.331000 0.077521
19.333000 0.077198
19.334000 0.077875
19.337000 0.076844
19.338000 0.077521
19.340000 0.077198
19.341000 0.077875
19.344000 0.076844
19.345000 0.077521
19.347000 0.077198
19.348000 0.077875
19.351000 0.076844
19.352000 0.077521
19.354000 0.077198
19.355000 0.077875
19.358000 0.076844
19.359000 0.077521
19.361000 0.077198
19.362000 0.077875
19.397000 0.076844
19.398000 0.077521
19.401000 0.076844
19.402000 0.077521
19.405000 0.076844
19.406000 0.077521
19.409000 0.076844
19.410000 0.077521
19.413000 0.076844
19.414000 0.077521
19.417000 0.076844
19.418000 0.077521
19.421000 0.076844
19.422000 0.077521
19.425000 0.076844
19.426000 0.077521
19.429000 0.076844
19.430000 0.077521
19.433000 0.076844
19.434000 0.077521
19.437000 0.076844
19.438000 0.077521
19.441000 0.076844
19.442000 0.077521
19.445000 0.076844
19.446000 0.077521
19.449000 0.076844
19.450000 0.077521
19.453000 0.076844
19.454000 0.077521
19.457000 0.076844
19.458000 0.077521
19.461000 0.076844
19.462000 0.077521
19.465000 0.076844
19.466000 0.077521
19.469000 0.076844
19.470000 0.077521
19.473000 0.076844
19.474000 0.077521
19.477000 0.076844
19.478000 0.077521
19.480000 0.077198
19.481000 0.077875
19.484000 0.076844
19.485000 0.077521
19.487000 0.077198
19.488000 0.077875
19.491000 0.076844
19.492000 0.077521
19.494000 0.077198
19.495000 0.077875
19.498000 0.076844
19.499000 0.077521
19.501000 0.077198
19.502000 0.077875
19.505000 0.076844
19.506000 0.077521
19.508000 0.077198
19.509000 0.077875
19.512000 0.076844
19.513000 0.077521
19.515000 0.077198
19.516000 0.077875
19.551000 0.076844
19.552000 0.077521
19.555000 0.076844
19.556000 0.077521
19.559000 0.076844
19.560000 0.077521
19.563000 0.076844
19.564000 0.077521
19.567000 0.076844
19.568000 0.077521
19.571000 0.076844
19.572000 0.077521
19.575000 0.076844
19.576000 0.077521
19.579000 0.076844
19.580000 0.077521
19.583000 0.076844
19.584000 0.077521
19.587000 0.076844
19.588000 0.077521
19.591000 0.076844
19.592000 0.077521
19.595000 0.076844
19.596000 0.077521
19.599000 0.076844
19.600000 0.077521
19.603000 0.076844
19.604000 0.077521
19.607000 0.076844
19.608000 0.077521
19.611000 0.076844
19.612000 0.077521
19.615000 0.076844
19.616000 0.077521
19.619000 0.076844
19.620000 0.077521
19.623000 0.076844
19.624000 0.077521
19.627000 0.076844
19.628000 0.077521
19.631000 0.076844
19.632000 0.077521
19.634000 0.077198
19.635000 0.077875
19.638000 0.076844
19.639000 0.077521
19.641000 0.077198
19.642000 0.077875
19.645000 0.076844
19.646000 0.077521
19.648000 0.077198
19.649000 0.077875
19.652000 0.076844
19.653000 0.077521
19.655000 0.077198
19.656000 0.077875
19.659000 0.076844
19.660000 0.077521
19.662000 0.077198
19.663000 0.077875
19.666000 0.076844
19.667000 0.077521
19.669000 0.077198
19.670000 0.077875
19.705000 0.076844
19.706000 0.077521
19.709000 0.076844
19.710000 0.077521
19.713000 0.076844
19.714000 0.077521
19.717000 0.076844
19.718000 0.077521
19.721000 0.076844
19.722000 0.077521
19.725000 0.076844
19.726000 0.077521
19.729000 0.076844
19.730000 0.077521
19.733000 0.076844
19.734000 0.077521
19.737000 0.076844
19.738000 0.077521
19.741000 0.076844
19.742000 0.077521
19.745000 0.076844
19.746000 0.077521
19.749000 0.076844
19.750000 0.077521
19.753000 0.076844
19.754000 0.077521
19.757000 0.076844
19.758000 0.077521
19.761000 0.076844
19.762000 0.077521
19.765000 0.076844
19.766000 0.077521
19.769000 0.076844
19.770000 0.077521
19.773000 0.076844
19.774000 0.077521
19.777000 0.076844
19.778000 0.077521
19.781000 0.076844
19.782000 0.077521
19.785000 0.076844
19.786000 0.077521
19.788000 0.077198
19.789000 0.077875
19.792000 0.076844
19.793000 0.077521
19.795000 0.077198
19.796000 0.077875
19.799000 0.076844
19.800000 0.077521
19.802000 0.077198
19.803000 0.077875
19.806000 0.076844
19.807000 0.077521
19.809000 0.077198
19.810000 0.077875
