0.500000 0.075161
0.650260 0.076688
0.802012 0.075098
0.960000 0.079164
0.970000 0.076844
0.980000 0.076844
0.990000 0.076844
1.000000 0.076844
1.120000 0.076844
1.130000 0.077113
1.140000 0.076844
1.150000 0.076844
1.160000 0.076844
1.170000 0.076844
1.180000 0.076844
1.190000 0.076844
1.200000 0.076844
1.290000 0.076844
1.300000 0.076844
1.310000 0.076844
1.320000 0.076844
1.330000 0.076844
1.340000 0.077113
1.350000 0.076844
1.360000 0.076844
1.370000 0.076844
1.380000 0.076844
1.390000 0.076844
1.400000 0.076844
1.410000 0.076844
1.450000 0.076844
1.460000 0.076844
1.470000 0.076844
1.480000 0.076844
1.490000 0.076844
1.500000 0.076844
1.510000 0.076844
1.520000 0.078505
1.530000 0.076844
1.540000 0.076844
1.550000 0.077113
1.560000 0.076844
1.570000 0.076844
1.580000 0.076844
1.590000 0.076844
1.600000 0.076844
1.610000 0.076844
1.620000 0.076844
1.630000 0.076844
1.640000 0.076844
1.650000 0.076844
1.660000 0.076844
1.670000 0.076844
1.680000 0.076844
1.690000 0.076844
1.700000 0.076844
1.710000 0.076844
1.720000 0.076844
1.730000 0.076844
1.740000 0.076844
1.750000 0.076844
1.760000 0.077113
1.770000 0.076844
1.780000 0.076844
1.790000 0.076844
1.800000 0.076844
1.810000 0.076844
1.820000 0.076844
1.830000 0.077635
1.840000 0.076844
1.850000 0.076844
1.860000 0.076844
1.870000 0.076844
1.880000 0.076844
1.890000 0.076844
1.900000 0.076844
1.910000 0.076844
1.920000 0.076844
1.930000 0.076844
1.940000 0.076844
1.950000 0.076844
1.960000 0.076844
1.970000 0.077113
1.980000 0.077872
1.990000 0.076844
2.000000 0.076844
2.010000 0.076844
2.020000 0.076844
2.030000 0.076844
2.040000 0.076844
2.050000 0.076844
2.060000 0.076844
2.070000 0.076844
2.080000 0.076844
2.090000 0.076844
2.100000 0.076844
2.110000 0.076844
2.120000 0.076844
2.130000 0.076844
2.140000 0.077177
2.150000 0.076844
2.160000 0.076844
2.170000 0.076844
2.180000 0.077113
2.190000 0.076844
2.200000 0.076844
2.210000 0.076844
2.220000 0.076844
2.230000 0.076844
2.240000 0.076844
2.250000 0.076844
2.260000 0.076844
2.270000 0.076844
2.280000 0.076844
2.290000 0.076844
2.300000 0.076844
2.310000 0.076844
2.320000 0.076844
2.330000 0.076844
2.340000 0.076844
2.350000 0.076844
2.360000 0.076844
2.370000 0.076844
2.380000 0.076844
2.390000 0.077113
2.400000 0.076844
2.410000 0.076844
2.420000 0.076844
2.430000 0.076844
2.440000 0.078979
2.450000 0.076844
2.460000 0.076844
2.470000 0.076844
2.480000 0.076844
2.490000 0.076844
2.500000 0.076844
2.510000 0.076844
2.520000 0.076844
2.530000 0.076844
2.540000 0.076844
2.550000 0.076844
2.560000 0.076844
2.570000 0.076844
2.580000 0.076844
2.590000 0.076844
2.600000 0.077113
2.610000 0.076844
2.620000 0.076844
2.630000 0.076844
2.640000 0.076844
2.650000 0.076844
2.660000 0.076844
2.670000 0.076844
2.680000 0.076844
2.690000 0.076844
2.700000 0.076844
2.710000 0.076844
2.720000 0.076844
2.730000 0.076844
2.740000 0.076844
2.750000 0.076844
2.760000 0.076844
2.770000 0.076844
2.780000 0.076844
2.790000 0.076844
2.800000 0.076844
2.810000 0.077113
2.820000 0.076844
2.830000 0.076844
2.840000 0.076844
2.850000 0.076844
2.860000 0.076844
2.870000 0.076844
2.880000 0.076844
2.890000 0.076844
2.900000 0.079673
2.910000 0.076844
2.920000 0.076844
2.930000 0.076844
2.940000 0.076844
2.950000 0.076844
2.960000 0.076844
2.970000 0.076844
2.980000 0.076844
2.990000 0.076844
3.000000 0.076844
3.010000 0.076844
3.020000 0.077113
3.030000 0.076844
3.040000 0.076844
3.050000 0.076844
3.060000 0.076844
3.070000 0.076844
3.080000 0.076844
3.090000 0.076844
3.100000 0.076844
3.110000 0.076844
3.120000 0.076844
3.130000 0.076844
3.140000 0.076844
3.150000 0.076844
3.160000 0.076844
3.170000 0.076844
3.180000 0.076844
3.190000 0.076844
3.200000 0.076844
3.210000 0.076844
3.220000 0.076844
3.230000 0.077113
3.240000 0.076844
3.250000 0.076844
3.260000 0.076844
3.270000 0.076844
3.280000 0.076844
3.290000 0.076844
3.300000 0.076844
3.310000 0.076844
3.320000 0.076844
3.330000 0.076844
3.340000 0.076844
3.350000 0.076844
3.360000 0.080643
3.370000 0.076844
3.380000 0.076844
3.390000 0.076844
3.400000 0.076844
3.410000 0.076844
3.420000 0.076844
3.430000 0.076844
3.440000 0.077113
3.450000 0.076844
3.460000 0.078704
3.470000 0.076844
3.480000 0.076844
3.490000 0.076844
3.500000 0.076844
3.510000 0.076844
3.520000 0.076844
3.530000 0.076844
3.540000 0.076844
3.550000 0.076844
3.560000 0.076844
3.570000 0.076844
3.580000 0.076844
3.590000 0.076844
3.600000 0.076844
3.610000 0.076844
3.620000 0.076844
3.630000 0.076844
3.640000 0.076844
3.650000 0.077113
3.660000 0.076844
3.670000 0.076844
3.680000 0.076844
3.690000 0.076844
3.700000 0.076844
3.710000 0.076844
3.720000 0.076844
3.730000 0.076844
3.740000 0.076844
3.750000 0.076844
3.760000 0.076844
3.770000 0.076844
3.780000 0.076844
3.790000 0.076844
3.800000 0.076844
3.810000 0.076844
3.820000 0.078345
3.830000 0.076844
3.840000 0.076844
3.850000 0.076844
3.860000 0.077113
3.870000 0.076844
3.880000 0.076844
3.890000 0.076844
3.900000 0.076844
3.910000 0.076844
3.920000 0.076844
3.930000 0.076844
3.940000 0.076844
3.950000 0.076844
3.960000 0.076844
3.970000 0.078582
3.980000 0.076844
3.990000 0.076844
4.000000 0.076844
4.010000 0.076844
4.020000 0.076844
4.030000 0.076844
4.040000 0.076844
4.050000 0.076844
4.060000 0.076844
4.070000 0.079552
4.080000 0.076844
4.090000 0.076844
4.100000 0.076844
4.110000 0.076844
4.120000 0.076844
4.130000 0.079152
4.140000 0.076844
4.150000 0.076844
4.160000 0.076844
4.170000 0.076844
4.180000 0.076844
4.190000 0.076844
4.200000 0.076844
4.210000 0.076844
4.220000 0.076844
4.230000 0.076844
4.240000 0.076844
4.250000 0.076844
4.260000 0.076844
4.270000 0.076844
4.280000 0.077113
4.290000 0.076844
4.300000 0.076844
4.310000 0.076844
4.320000 0.076844
4.330000 0.076844
4.340000 0.076844
4.350000 0.076844
4.360000 0.076844
4.370000 0.076844
4.380000 0.076844
4.390000 0.076844
4.400000 0.076844
4.410000 0.076844
4.420000 0.076844
4.430000 0.077651
4.440000 0.076844
4.450000 0.076844
4.460000 0.076844
4.470000 0.076844
4.480000 0.076844
4.490000 0.077113
4.500000 0.076844
4.510000 0.076844
4.520000 0.076844
4.530000 0.078246
4.540000 0.076844
4.550000 0.076844
4.560000 0.076844
4.570000 0.076844
4.580000 0.079552
4.590000 0.076844
4.600000 0.076844
4.610000 0.076844
4.620000 0.076844
4.630000 0.076844
4.640000 0.076844
4.650000 0.076844
4.660000 0.076844
4.670000 0.076844
4.680000 0.078483
4.690000 0.076844
4.700000 0.077113
4.710000 0.076844
4.720000 0.076844
4.730000 0.076844
4.740000 0.079485
4.750000 0.076844
4.760000 0.076844
4.770000 0.076844
4.780000 0.076844
4.790000 0.076844
4.800000 0.076844
4.810000 0.076844
4.820000 0.076844
4.830000 0.076844
4.840000 0.077052
4.850000 0.076844
4.860000 0.076844
4.870000 0.076844
4.880000 0.076844
4.890000 0.078345
4.900000 0.076844
4.910000 0.077113
4.920000 0.076844
4.930000 0.076844
4.940000 0.076844
4.950000 0.076844
4.960000 0.076844
4.970000 0.076844
4.980000 0.076844
4.990000 0.076844
5.000000 0.076844
5.010000 0.076844
5.020000 0.076844
5.030000 0.076844
5.040000 0.076844
5.050000 0.076844
5.060000 0.076844
5.070000 0.076844
5.080000 0.076844
5.090000 0.076844
5.100000 0.076844
5.110000 0.076844
5.120000 0.077113
5.130000 0.076844
5.140000 0.077513
5.150000 0.076844
5.160000 0.076844
5.170000 0.076844
5.180000 0.076844
5.190000 0.076844
5.200000 0.079078
5.210000 0.076844
5.220000 0.076844
5.230000 0.076844
5.240000 0.076844
5.250000 0.076844
5.260000 0.076844
5.270000 0.076844
5.280000 0.076844
5.290000 0.079414
5.300000 0.076844
5.310000 0.076844
5.320000 0.076844
5.330000 0.077113
5.340000 0.076844
5.350000 0.079315
5.360000 0.076844
5.370000 0.076844
5.380000 0.076844
5.390000 0.076844
5.400000 0.076844
5.410000 0.076844
5.420000 0.076844
5.430000 0.076844
5.440000 0.076844
5.450000 0.079216
5.460000 0.076844
5.470000 0.076844
5.480000 0.076844
5.490000 0.076844
5.500000 0.079216
5.510000 0.077884
5.520000 0.076844
5.530000 0.076844
5.540000 0.077113
5.550000 0.076844
5.560000 0.076844
5.570000 0.076844
5.580000 0.076844
5.590000 0.076844
5.600000 0.078544
5.610000 0.076844
5.620000 0.076844
5.630000 0.076844
5.640000 0.076844
5.650000 0.076844
5.660000 0.078041
5.670000 0.076844
5.680000 0.076844
5.690000 0.076844
5.700000 0.076844
5.710000 0.076844
5.720000 0.076844
5.730000 0.076844
5.740000 0.076844
5.750000 0.078777
5.760000 0.076844
5.770000 0.076844
5.780000 0.076844
5.790000 0.076844
5.800000 0.076844
5.810000 0.079942
5.820000 0.076844
5.830000 0.076844
5.840000 0.076844
5.850000 0.076844
5.860000 0.076844
5.870000 0.076844
5.880000 0.076844
5.890000 0.076844
5.900000 0.076844
5.910000 0.079350
5.920000 0.076844
5.930000 0.076844
5.940000 0.076844
5.950000 0.076844
5.960000 0.077113
5.970000 0.077184
5.980000 0.076844
5.990000 0.076844
6.000000 0.076844
6.010000 0.076844
6.020000 0.076844
6.030000 0.076844
6.040000 0.076844
6.050000 0.076844
6.060000 0.079251
6.070000 0.076844
6.080000 0.076844
6.090000 0.076844
6.100000 0.076844
6.110000 0.078483
6.120000 0.076844
6.130000 0.076844
6.140000 0.076844
6.150000 0.076844
6.160000 0.076844
6.170000 0.077113
6.180000 0.076844
6.190000 0.076844
6.200000 0.076844
6.210000 0.077808
6.220000 0.078156
6.230000 0.076844
6.240000 0.076844
6.250000 0.076844
6.260000 0.076844
6.270000 0.080380
6.280000 0.076844
6.290000 0.076844
6.300000 0.076844
6.310000 0.076844
6.320000 0.076844
6.330000 0.076844
6.340000 0.076844
6.350000 0.076844
6.360000 0.076844
6.370000 0.076844
6.380000 0.077113
6.390000 0.076844
6.400000 0.076844
6.410000 0.076844
6.420000 0.078953
6.430000 0.077622
6.440000 0.076844
6.450000 0.076844
6.460000 0.076844
6.470000 0.076844
6.480000 0.076844
6.490000 0.076844
6.500000 0.076844
6.510000 0.076844
6.520000 0.078614
6.530000 0.076844
6.540000 0.076844
6.550000 0.076844
6.560000 0.076844
6.570000 0.076844
6.580000 0.081187
6.590000 0.077113
6.600000 0.076844
6.610000 0.076844
6.620000 0.076844
6.630000 0.076844
6.640000 0.076844
6.650000 0.076844
6.660000 0.076844
6.670000 0.076844
6.680000 0.076844
6.690000 0.076844
6.700000 0.076844
6.710000 0.076844
6.720000 0.076844
6.730000 0.078096
6.740000 0.076844
6.750000 0.076844
6.760000 0.076844
6.770000 0.076844
6.780000 0.076844
6.790000 0.076844
6.800000 0.077113
6.810000 0.076844
6.820000 0.079552
6.830000 0.079552
6.840000 0.076844
6.850000 0.076844
6.860000 0.076844
6.870000 0.076844
6.880000 0.077315
6.890000 0.076844
6.900000 0.076844
6.910000 0.076844
6.920000 0.076844
6.930000 0.076844
6.940000 0.076844
6.950000 0.076844
6.960000 0.076844
6.970000 0.076844
6.980000 0.079206
6.990000 0.076844
7.000000 0.076844
7.010000 0.077113
7.020000 0.076844
7.030000 0.076844
7.040000 0.076844
7.050000 0.076844
7.060000 0.076844
7.070000 0.076844
7.080000 0.076844
7.090000 0.076844
7.100000 0.076844
7.110000 0.076844
7.120000 0.076844
7.130000 0.076844
7.140000 0.076844
7.150000 0.076844
7.160000 0.076844
7.170000 0.076844
7.180000 0.076844
7.190000 0.077785
7.200000 0.077414
7.210000 0.076844
7.220000 0.077113
7.230000 0.076844
7.240000 0.076844
7.250000 0.076844
7.260000 0.076844
7.270000 0.076844
7.280000 0.078918
7.290000 0.078342
7.300000 0.076844
7.310000 0.076844
7.320000 0.076844
7.330000 0.076844
7.340000 0.079686
7.350000 0.079315
7.360000 0.076844
7.370000 0.076844
7.380000 0.076844
7.390000 0.076844
7.400000 0.076844
7.410000 0.076844
7.420000 0.076844
7.430000 0.079155
7.440000 0.077824
7.450000 0.076844
7.460000 0.076844
7.470000 0.076844
7.480000 0.076844
7.490000 0.079241
7.500000 0.079216
7.510000 0.076844
7.520000 0.076844
7.530000 0.076844
7.540000 0.076844
7.550000 0.076844
7.560000 0.076844
7.570000 0.076844
7.580000 0.076844
7.590000 0.076844
7.600000 0.076844
7.610000 0.076844
7.620000 0.076844
7.630000 0.076844
7.640000 0.076844
7.650000 0.076844
7.660000 0.076844
7.670000 0.076844
7.680000 0.076844
7.690000 0.076844
7.700000 0.076844
7.710000 0.076844
7.720000 0.076844
7.730000 0.076844
7.740000 0.076844
7.750000 0.076844
7.760000 0.076844
7.770000 0.076844
7.780000 0.076844
7.790000 0.076844
7.800000 0.076844
7.810000 0.076844
7.820000 0.076844
7.830000 0.076844
7.840000 0.076844
7.850000 0.076844
7.860000 0.076844
7.870000 0.076844
7.880000 0.076844
7.890000 0.076844
7.900000 0.076844
7.910000 0.076844
7.920000 0.076844
7.930000 0.076844
7.940000 0.076844
7.950000 0.076844
7.960000 0.076844
7.970000 0.076844
7.980000 0.076844
7.990000 0.076844
8.000000 0.076844
8.010000 0.076844
8.020000 0.076844
8.030000 0.076844
8.040000 0.076844
8.050000 0.076844
8.060000 0.076844
8.070000 0.076844
8.080000 0.076844
8.090000 0.076844
8.100000 0.076844
8.110000 0.076844
8.120000 0.076844
8.130000 0.076844
8.140000 0.076844
8.150000 0.076844
8.160000 0.076844
8.170000 0.076844
8.180000 0.076844
8.190000 0.076844
8.200000 0.076844
8.210000 0.076844
8.220000 0.076844
8.230000 0.076844
8.240000 0.076844
8.250000 0.076844
8.260000 0.076844
8.270000 0.076844
8.280000 0.076844
8.290000 0.076844
8.300000 0.076844
8.310000 0.076844
8.320000 0.076844
8.330000 0.076844
8.340000 0.076844
8.350000 0.076844
8.360000 0.076844
8.370000 0.076844
8.380000 0.076844
8.390000 0.076844
8.400000 0.076844
8.410000 0.076844
8.420000 0.076844
8.430000 0.076844
8.440000 0.076844
8.450000 0.076844
8.460000 0.076844
8.470000 0.076844
8.480000 0.076844
8.490000 0.076844
8.500000 0.076844
8.510000 0.076844
8.520000 0.076844
8.530000 0.076844
8.540000 0.076844
8.550000 0.076844
8.560000 0.076844
8.570000 0.076844
8.580000 0.076844
8.590000 0.076844
8.600000 0.076844
8.610000 0.076844
8.620000 0.076844
8.630000 0.076844
8.640000 0.076844
8.650000 0.076844
8.660000 0.076844
8.670000 0.076844
8.680000 0.076844
8.690000 0.076844
8.700000 0.076844
8.710000 0.076844
8.720000 0.076844
8.730000 0.076844
8.740000 0.076844
8.750000 0.076844
8.760000 0.076844
8.770000 0.076844
8.780000 0.076844
8.790000 0.076844
8.800000 0.076844
8.810000 0.076844
8.820000 0.076844
8.830000 0.076844
8.840000 0.076844
8.850000 0.076844
8.860000 0.076844
8.870000 0.076844
8.880000 0.076844
8.890000 0.076844
8.900000 0.076844
8.910000 0.076844
8.920000 0.076844
8.930000 0.076844
8.940000 0.076844
8.950000 0.076844
8.960000 0.076844
8.970000 0.076844
8.980000 0.076844
8.990000 0.076844
9.000000 0.076844
9.010000 0.076844
9.020000 0.076844
9.030000 0.076844
9.040000 0.076844
9.050000 0.076844
9.060000 0.076844
9.070000 0.076844
9.080000 0.076844
9.090000 0.076844
9.100000 0.076844
9.110000 0.076844
9.120000 0.076844
9.130000 0.076844
9.140000 0.076844
9.150000 0.076844
9.160000 0.076844
9.170000 0.076844
9.180000 0.076844
9.190000 0.076844
9.200000 0.076844
9.210000 0.076844
9.220000 0.076844
9.230000 0.076844
9.240000 0.076844
9.250000 0.076844
9.260000 0.076844
9.270000 0.076844
9.280000 0.076844
9.290000 0.076844
9.300000 0.076844
9.310000 0.076844
9.320000 0.076844
9.330000 0.076844
9.340000 0.076844
9.350000 0.076844
9.360000 0.076844
9.370000 0.076844
9.380000 0.076844
9.390000 0.076844
9.400000 0.076844
9.410000 0.076844
9.420000 0.076844
9.430000 0.076844
9.440000 0.076844
9.450000 0.076844
9.460000 0.076844
9.470000 0.076844
9.480000 0.076844
9.490000 0.076844
9.500000 0.076844
9.510000 0.076844
9.520000 0.076844
9.530000 0.076844
9.540000 0.076844
9.550000 0.076844
9.560000 0.076844
9.570000 0.076844
9.580000 0.076844
9.590000 0.076844
9.600000 0.076844
9.610000 0.076844
9.620000 0.076844
9.630000 0.076844
9.640000 0.076844
9.650000 0.076844
9.660000 0.076844
9.670000 0.076844
9.680000 0.076844
9.690000 0.076844
9.700000 0.076844
9.710000 0.076844
9.720000 0.076844
9.730000 0.076844
9.740000 0.076844
9.750000 0.076844
9.760000 0.076844
9.770000 0.076844
9.780000 0.076844
9.790000 0.076844
9.800000 0.076844
9.810000 0.076844
9.820000 0.076844
9.830000 0.076844
9.840000 0.076844
9.850000 0.076844
9.860000 0.076844
9.870000 0.076844
9.880000 0.076844
9.890000 0.076844
9.900000 0.076844
9.910000 0.076844
9.920000 0.076844
9.930000 0.076844
9.940000 0.076844
9.950000 0.076844
9.960000 0.076844
9.970000 0.076844
9.980000 0.076844
9.990000 0.076844
10.000000 0.076844
10.010000 0.076844
10.020000 0.076844
10.030000 0.076844
10.040000 0.076844
10.050000 0.076844
10.060000 0.076844
10.070000 0.076844
10.080000 0.076844
10.090000 0.076844
10.100000 0.076844
10.110000 0.076844
10.120000 0.076844
10.130000 0.076844
10.140000 0.076844
10.150000 0.076844
10.160000 0.076844
10.170000 0.076844
10.180000 0.076844
10.190000 0.076844
10.200000 0.076844
10.210000 0.076844
10.220000 0.076844
10.230000 0.076844
10.240000 0.076844
10.250000 0.076844
10.260000 0.076844
10.270000 0.076844
10.280000 0.076844
10.290000 0.076844
10.300000 0.076844
10.310000 0.076844
10.320000 0.076844
10.330000 0.076844
10.340000 0.076844
10.350000 0.076844
10.360000 0.076844
10.370000 0.076844
10.380000 0.076844
10.390000 0.076844
10.400000 0.076844
10.410000 0.076844
10.420000 0.076844
10.430000 0.076844
10.440000 0.076844
10.450000 0.076844
10.460000 0.076844
10.470000 0.076844
10.480000 0.076844
10.490000 0.076844
10.500000 0.076844
10.510000 0.076844
10.520000 0.076844
10.530000 0.076844
10.540000 0.076844
10.550000 0.076844
10.560000 0.076844
10.570000 0.076844
10.580000 0.076844
10.590000 0.076844
10.600000 0.076844
10.610000 0.076844
10.620000 0.076844
10.630000 0.076844
10.640000 0.076844
10.650000 0.076844
10.660000 0.076844
10.670000 0.076844
10.680000 0.076844
10.690000 0.076844
10.700000 0.076844
10.710000 0.076844
10.720000 0.076844
10.730000 0.076844
10.740000 0.076844
10.750000 0.076844
10.760000 0.076844
10.770000 0.076844
10.780000 0.076844
10.790000 0.076844
10.800000 0.076844
10.810000 0.076844
10.820000 0.076844
10.830000 0.076844
10.840000 0.076844
10.850000 0.076844
10.860000 0.076844
10.870000 0.076844
10.880000 0.076844
10.890000 0.076844
10.900000 0.076844
10.910000 0.076844
10.920000 0.076844
10.930000 0.076844
10.940000 0.076844
10.950000 0.076844
10.960000 0.076844
10.970000 0.076844
10.980000 0.076844
10.990000 0.076844
11.000000 0.076844
11.010000 0.076844
11.020000 0.076844
11.030000 0.076844
11.040000 0.076844
11.050000 0.076844
11.060000 0.076844
11.070000 0.076844
11.080000 0.076844
11.090000 0.076844
11.100000 0.076844
11.110000 0.076844
11.120000 0.076844
11.130000 0.076844
11.140000 0.076844
11.150000 0.076844
11.160000 0.076844
11.170000 0.076844
11.180000 0.076844
11.190000 0.076844
11.200000 0.076844
11.210000 0.076844
11.220000 0.076844
11.230000 0.076844
11.240000 0.076844
11.250000 0.076844
11.260000 0.076844
11.270000 0.076844
11.280000 0.076844
11.290000 0.076844
11.300000 0.076844
11.310000 0.076844
11.320000 0.076844
11.330000 0.076844
11.340000 0.076844
11.350000 0.076844
11.360000 0.076844
11.370000 0.076844
11.380000 0.076844
11.390000 0.076844
11.400000 0.076844
11.410000 0.076844
11.420000 0.076844
11.430000 0.076844
11.440000 0.076844
11.450000 0.076844
11.460000 0.076844
11.470000 0.076844
11.480000 0.076844
11.490000 0.076844
11.500000 0.076844
11.510000 0.076844
11.520000 0.076844
11.530000 0.076844
11.540000 0.076844
11.550000 0.076844
11.560000 0.076844
11.570000 0.076844
11.580000 0.076844
11.590000 0.076844
11.600000 0.076844
11.610000 0.076844
11.620000 0.076844
11.630000 0.076844
11.640000 0.076844
11.650000 0.076844
11.660000 0.076844
11.670000 0.076844
11.680000 0.076844
11.690000 0.076844
11.700000 0.076844
11.710000 0.076844
11.720000 0.076844
11.730000 0.076844
11.740000 0.076844
11.750000 0.076844
11.760000 0.076844
11.770000 0.076844
11.780000 0.076844
11.790000 0.076844
11.800000 0.076844
11.810000 0.076844
11.820000 0.076844
11.830000 0.076844
11.840000 0.076844
11.850000 0.076844
11.860000 0.076844
11.870000 0.076844
11.880000 0.076844
11.890000 0.076844
11.900000 0.076844
11.910000 0.076844
11.920000 0.076844
11.930000 0.076844
11.940000 0.076844
11.950000 0.076844
11.960000 0.076844
11.970000 0.076844
11.980000 0.076844
11.990000 0.076844
12.000000 0.076844
12.010000 0.076844
12.020000 0.076844
12.030000 0.076844
12.040000 0.076844
12.050000 0.076844
12.060000 0.076844
12.070000 0.076844
12.080000 0.076844
12.090000 0.076844
12.100000 0.076844
12.110000 0.076844
12.120000 0.076844
12.130000 0.076844
12.140000 0.076844
12.150000 0.076844
12.160000 0.076844
12.170000 0.076844
12.180000 0.076844
12.190000 0.076844
12.200000 0.076844
12.210000 0.076844
12.220000 0.076844
12.230000 0.076844
12.240000 0.076844
12.250000 0.076844
12.260000 0.076844
12.270000 0.076844
12.280000 0.076844
12.290000 0.076844
12.300000 0.076844
12.310000 0.076844
12.320000 0.076844
12.330000 0.076844
12.340000 0.076844
12.350000 0.076844
12.360000 0.076844
12.370000 0.076844
12.380000 0.076844
12.390000 0.076844
12.400000 0.076844
12.410000 0.076844
12.420000 0.076844
12.430000 0.076844
12.440000 0.076844
12.450000 0.076844
12.460000 0.076844
12.470000 0.076844
12.480000 0.076844
12.490000 0.076844
12.500000 0.076844
12.510000 0.076844
12.520000 0.076844
12.530000 0.076844
12.540000 0.076844
12.550000 0.076844
12.560000 0.076844
12.570000 0.076844
12.580000 0.076844
12.590000 0.076844
12.600000 0.076844
12.610000 0.076844
12.620000 0.076844
12.630000 0.076844
12.640000 0.076844
12.650000 0.076844
12.660000 0.076844
12.670000 0.076844
12.680000 0.076844
12.690000 0.076844
12.700000 0.076844
12.710000 0.076844
12.720000 0.076844
12.730000 0.076844
12.740000 0.076844
12.750000 0.076844
12.760000 0.076844
12.770000 0.076844
12.780000 0.076844
12.790000 0.076844
12.800000 0.076844
12.810000 0.076844
12.820000 0.076844
12.830000 0.076844
12.840000 0.076844
12.850000 0.076844
12.860000 0.076844
12.870000 0.076844
12.880000 0.076844
12.890000 0.076844
12.900000 0.076844
12.910000 0.076844
12.920000 0.076844
12.930000 0.076844
12.940000 0.076844
12.950000 0.076844
12.960000 0.076844
12.970000 0.076844
12.980000 0.076844
12.990000 0.076844
13.000000 0.076844
13.010000 0.076844
13.020000 0.076844
13.030000 0.076844
13.040000 0.076844
13.050000 0.076844
13.060000 0.076844
13.070000 0.076844
13.080000 0.076844
13.090000 0.076844
13.100000 0.076844
13.110000 0.076844
13.120000 0.076844
13.130000 0.076844
13.140000 0.076844
13.150000 0.076844
13.160000 0.076844
13.170000 0.076844
13.180000 0.076844
13.190000 0.076844
13.200000 0.076844
13.210000 0.076844
13.220000 0.076844
13.230000 0.076844
13.240000 0.076844
13.250000 0.076844
13.260000 0.076844
13.270000 0.076844
13.280000 0.076844
13.290000 0.076844
13.300000 0.076844
13.310000 0.076844
13.320000 0.076844
13.330000 0.076844
13.340000 0.076844
13.350000 0.076844
13.360000 0.076844
13.370000 0.076844
13.380000 0.076844
13.390000 0.076844
13.400000 0.076844
13.410000 0.076844
13.420000 0.076844
13.430000 0.076844
13.440000 0.076844
13.450000 0.076844
13.460000 0.076844
13.470000 0.076844
13.480000 0.076844
13.490000 0.076844
13.500000 0.076844
13.510000 0.076844
13.520000 0.076844
13.530000 0.076844
13.540000 0.076844
13.550000 0.076844
13.560000 0.076844
13.570000 0.076844
13.580000 0.076844
13.590000 0.076844
13.600000 0.076844
13.610000 0.076844
13.620000 0.076844
13.630000 0.076844
13.640000 0.076844
13.650000 0.076844
13.660000 0.076844
13.670000 0.076844
13.680000 0.076844
13.690000 0.076844
13.700000 0.076844
13.710000 0.076844
13.720000 0.076844
13.730000 0.076844
13.740000 0.076844
13.750000 0.076844
13.760000 0.076844
13.770000 0.076844
13.780000 0.076844
13.790000 0.076844
13.800000 0.076844
13.810000 0.076844
13.820000 0.076844
13.830000 0.076844
13.840000 0.076844
13.850000 0.076844
13.860000 0.076844
13.870000 0.076844
13.880000 0.076844
13.890000 0.076844
13.900000 0.076844
13.910000 0.076844
13.920000 0.076844
13.930000 0.076844
13.940000 0.076844
13.950000 0.076844
13.960000 0.076844
13.970000 0.076844
13.980000 0.076844
13.990000 0.076844
14.000000 0.076844
14.010000 0.076844
14.020000 0.076844
14.030000 0.076844
14.040000 0.076844
14.050000 0.076844
14.060000 0.076844
14.070000 0.076844
14.080000 0.076844
14.090000 0.076844
14.100000 0.076844
14.110000 0.076844
14.120000 0.076844
14.130000 0.076844
14.140000 0.076844
14.150000 0.076844
14.160000 0.076844
14.170000 0.076844
14.180000 0.076844
14.190000 0.076844
14.200000 0.076844
14.210000 0.076844
14.220000 0.076844
14.230000 0.076844
14.240000 0.076844
14.250000 0.076844
14.260000 0.076844
14.270000 0.076844
14.280000 0.076844
14.290000 0.076844
14.300000 0.076844
14.310000 0.076844
14.320000 0.076844
14.330000 0.076844
14.340000 0.076844
14.350000 0.076844
14.360000 0.076844
14.370000 0.076844
14.380000 0.076844
14.390000 0.076844
14.400000 0.076844
14.410000 0.076844
14.420000 0.076844
14.430000 0.076844
14.440000 0.076844
14.450000 0.076844
14.460000 0.076844
14.470000 0.076844
14.480000 0.076844
14.490000 0.076844
14.500000 0.076844
14.510000 0.076844
14.520000 0.076844
14.530000 0.076844
14.540000 0.076844
14.550000 0.076844
14.560000 0.076844
14.570000 0.076844
14.580000 0.076844
14.590000 0.076844
14.600000 0.076844
14.610000 0.076844
14.620000 0.076844
14.630000 0.076844
14.640000 0.076844
14.650000 0.076844
14.660000 0.076844
14.670000 0.076844
14.680000 0.076844
14.690000 0.076844
14.700000 0.076844
14.710000 0.076844
14.720000 0.076844
14.730000 0.076844
14.740000 0.076844
14.750000 0.076844
14.760000 0.076844
14.770000 0.076844
14.780000 0.076844
14.790000 0.076844
14.800000 0.076844
14.810000 0.076844
14.820000 0.076844
14.830000 0.076844
14.840000 0.076844
14.850000 0.076844
14.860000 0.076844
14.870000 0.076844
14.880000 0.076844
14.890000 0.076844
14.900000 0.076844
14.910000 0.076844
14.920000 0.076844
14.930000 0.076844
14.940000 0.076844
14.950000 0.076844
14.960000 0.076844
14.970000 0.076844
14.980000 0.076844
14.990000 0.076844
15.000000 0.076844
15.010000 0.076844
15.020000 0.076844
15.030000 0.076844
15.040000 0.076844
15.050000 0.076844
15.060000 0.076844
15.070000 0.076844
15.080000 0.076844
15.090000 0.076844
15.100000 0.076844
15.110000 0.076844
15.120000 0.076844
15.130000 0.076844
15.140000 0.076844
15.150000 0.076844
15.160000 0.076844
15.170000 0.076844
15.180000 0.076844
15.190000 0.076844
15.200000 0.076844
15.210000 0.076844
15.220000 0.076844
15.230000 0.076844
15.240000 0.076844
15.250000 0.076844
15.260000 0.076844
15.270000 0.076844
15.280000 0.076844
15.290000 0.076844
15.300000 0.076844
15.310000 0.076844
15.320000 0.076844
15.330000 0.076844
15.340000 0.076844
15.350000 0.076844
15.360000 0.076844
15.370000 0.076844
15.380000 0.076844
15.390000 0.076844
15.400000 0.076844
15.410000 0.076844
15.420000 0.076844
15.430000 0.076844
15.440000 0.076844
15.450000 0.076844
15.460000 0.076844
15.470000 0.076844
15.480000 0.076844
15.490000 0.076844
15.500000 0.076844
15.510000 0.076844
15.520000 0.076844
15.530000 0.076844
15.540000 0.076844
15.550000 0.076844
15.560000 0.076844
15.570000 0.076844
15.580000 0.076844
15.590000 0.076844
15.600000 0.076844
15.610000 0.076844
15.620000 0.076844
15.630000 0.076844
15.640000 0.076844
15.650000 0.076844
15.660000 0.076844
15.670000 0.076844
15.680000 0.076844
15.690000 0.076844
15.700000 0.076844
15.710000 0.076844
15.720000 0.076844
15.730000 0.076844
15.740000 0.076844
15.750000 0.076844
15.760000 0.076844
15.770000 0.076844
15.780000 0.076844
15.790000 0.076844
15.800000 0.076844
15.810000 0.076844
15.820000 0.076844
15.830000 0.076844
15.840000 0.076844
15.850000 0.076844
15.860000 0.076844
15.870000 0.076844
15.880000 0.076844
15.890000 0.076844
15.900000 0.076844
15.910000 0.076844
15.920000 0.076844
15.930000 0.076844
15.940000 0.076844
15.950000 0.076844
15.960000 0.076844
15.970000 0.076844
15.980000 0.076844
15.990000 0.076844
16.000000 0.076844
16.010000 0.076844
16.020000 0.076844
16.030000 0.076844
16.040000 0.076844
16.050000 0.076844
16.060000 0.076844
16.070000 0.076844
16.080000 0.076844
16.090000 0.076844
16.100000 0.076844
16.110000 0.076844
16.120000 0.076844
16.130000 0.076844
16.140000 0.076844
16.150000 0.076844
16.160000 0.076844
16.170000 0.076844
16.180000 0.076844
16.190000 0.076844
16.200000 0.076844
16.210000 0.076844
16.220000 0.076844
16.230000 0.076844
16.240000 0.076844
16.250000 0.076844
16.260000 0.076844
16.270000 0.076844
16.280000 0.076844
16.290000 0.076844
16.300000 0.076844
16.310000 0.076844
16.320000 0.076844
16.330000 0.076844
16.340000 0.076844
16.350000 0.076844
16.360000 0.076844
16.370000 0.076844
16.380000 0.076844
16.390000 0.076844
16.400000 0.076844
16.410000 0.076844
16.420000 0.076844
16.430000 0.076844
16.440000 0.076844
16.450000 0.076844
16.460000 0.076844
16.470000 0.076844
16.480000 0.076844
16.490000 0.076844
16.500000 0.076844
16.510000 0.076844
16.520000 0.076844
16.530000 0.076844
16.540000 0.076844
16.550000 0.076844
16.560000 0.076844
16.570000 0.076844
16.580000 0.076844
16.590000 0.076844
16.600000 0.076844
16.610000 0.076844
16.620000 0.076844
16.630000 0.076844
16.640000 0.076844
16.650000 0.076844
16.660000 0.076844
16.670000 0.076844
16.680000 0.076844
16.690000 0.076844
16.700000 0.076844
16.710000 0.076844
16.720000 0.076844
16.730000 0.076844
16.740000 0.076844
16.750000 0.076844
16.760000 0.076844
16.770000 0.076844
16.780000 0.076844
16.790000 0.076844
16.800000 0.076844
16.810000 0.076844
16.820000 0.076844
16.830000 0.076844
16.840000 0.076844
16.850000 0.076844
16.860000 0.076844
16.870000 0.076844
16.880000 0.076844
16.890000 0.076844
16.900000 0.076844
16.910000 0.076844
16.920000 0.076844
16.930000 0.076844
16.940000 0.076844
16.950000 0.076844
16.960000 0.076844
16.970000 0.076844
16.980000 0.076844
16.990000 0.076844
17.000000 0.076844
17.010000 0.076844
17.020000 0.076844
17.030000 0.076844
17.040000 0.076844
17.050000 0.076844
17.060000 0.076844
17.070000 0.076844
17.080000 0.076844
17.090000 0.076844
17.100000 0.076844
17.110000 0.076844
17.120000 0.076844
17.130000 0.076844
17.140000 0.076844
17.150000 0.076844
17.160000 0.076844
17.170000 0.076844
17.180000 0.076844
17.190000 0.076844
17.200000 0.076844
17.210000 0.076844
17.220000 0.076844
17.230000 0.076844
17.240000 0.076844
17.250000 0.076844
17.260000 0.076844
17.270000 0.076844
17.280000 0.076844
17.290000 0.076844
17.300000 0.076844
17.310000 0.076844
17.320000 0.076844
17.330000 0.076844
17.340000 0.076844
17.350000 0.076844
17.360000 0.076844
17.370000 0.076844
17.380000 0.076844
17.390000 0.076844
17.400000 0.076844
17.410000 0.076844
17.420000 0.076844
17.430000 0.076844
17.440000 0.076844
17.450000 0.076844
17.460000 0.076844
17.470000 0.076844
17.480000 0.076844
17.490000 0.076844
17.500000 0.076844
17.510000 0.076844
17.520000 0.076844
17.530000 0.076844
17.540000 0.076844
17.550000 0.076844
17.560000 0.076844
17.570000 0.076844
17.580000 0.076844
17.590000 0.076844
17.600000 0.076844
17.610000 0.076844
17.620000 0.076844
17.630000 0.076844
17.640000 0.076844
17.650000 0.076844
17.660000 0.076844
17.670000 0.076844
17.680000 0.076844
17.690000 0.076844
17.700000 0.076844
17.710000 0.076844
17.720000 0.076844
17.730000 0.076844
17.740000 0.076844
17.750000 0.076844
17.760000 0.076844
17.770000 0.076844
17.780000 0.076844
17.790000 0.076844
17.800000 0.076844
17.810000 0.076844
17.820000 0.076844
17.830000 0.076844
17.840000 0.076844
17.850000 0.076844
17.860000 0.076844
17.870000 0.076844
17.880000 0.076844
17.890000 0.076844
17.900000 0.076844
17.910000 0.076844
17.920000 0.076844
17.930000 0.076844
17.940000 0.076844
17.950000 0.076844
17.960000 0.076844
17.970000 0.076844
17.980000 0.076844
17.990000 0.076844
18.000000 0.076844
18.010000 0.076844
18.020000 0.076844
18.030000 0.076844
18.040000 0.076844
18.050000 0.076844
18.060000 0.076844
18.070000 0.076844
18.080000 0.076844
18.090000 0.076844
18.100000 0.076844
18.110000 0.076844
18.120000 0.076844
18.130000 0.076844
18.140000 0.076844
18.150000 0.076844
18.160000 0.076844
18.170000 0.076844
18.180000 0.076844
18.190000 0.076844
18.200000 0.076844
18.210000 0.076844
18.220000 0.076844
18.230000 0.076844
18.240000 0.076844
18.250000 0.076844
18.260000 0.076844
18.270000 0.076844
18.280000 0.076844
18.290000 0.076844
18.300000 0.076844
18.310000 0.076844
18.320000 0.076844
18.330000 0.076844
18.340000 0.076844
18.350000 0.076844
18.360000 0.076844
18.370000 0.076844
18.380000 0.076844
18.390000 0.076844
18.400000 0.076844
18.410000 0.076844
18.420000 0.076844
18.430000 0.076844
18.440000 0.076844
18.450000 0.076844
18.460000 0.076844
18.470000 0.076844
18.480000 0.076844
18.490000 0.076844
18.500000 0.076844
18.510000 0.076844
18.520000 0.076844
18.530000 0.076844
18.540000 0.076844
18.550000 0.076844
18.560000 0.076844
18.570000 0.076844
18.580000 0.076844
18.590000 0.076844
18.600000 0.076844
18.610000 0.076844
18.620000 0.076844
18.630000 0.076844
18.640000 0.076844
18.650000 0.076844
18.660000 0.076844
18.670000 0.076844
18.680000 0.076844
18.690000 0.076844
18.700000 0.076844
18.710000 0.076844
18.720000 0.076844
18.730000 0.076844
18.740000 0.076844
18.750000 0.076844
18.760000 0.076844
18.770000 0.076844
18.780000 0.076844
18.790000 0.076844
18.800000 0.076844
18.810000 0.076844
18.820000 0.076844
18.830000 0.076844
18.840000 0.076844
18.850000 0.076844
18.860000 0.076844
18.870000 0.076844
18.880000 0.076844
18.890000 0.076844
18.900000 0.076844
18.910000 0.076844
18.920000 0.076844
18.930000 0.076844
18.940000 0.076844
18.950000 0.076844
18.960000 0.076844
18.970000 0.076844
18.980000 0.076844
18.990000 0.076844
19.000000 0.076844
19.010000 0.076844
19.020000 0.076844
19.030000 0.076844
19.040000 0.076844
19.050000 0.076844
19.060000 0.076844
19.070000 0.076844
19.080000 0.076844
19.090000 0.076844
19.100000 0.076844
19.110000 0.076844
19.120000 0.076844
19.130000 0.076844
19.140000 0.076844
19.150000 0.076844
19.160000 0.076844
19.170000 0.076844
19.180000 0.076844
19.190000 0.076844
19.200000 0.076844
19.210000 0.076844
19.220000 0.076844
19.230000 0.076844
19.240000 0.076844
19.250000 0.076844
19.260000 0.076844
19.270000 0.076844
19.280000 0.076844
19.290000 0.076844
19.300000 0.076844
19.310000 0.076844
19.320000 0.076844
19.330000 0.076844
19.340000 0.076844
19.350000 0.076844
19.360000 0.076844
19.370000 0.076844
19.380000 0.076844
19.390000 0.076844
19.400000 0.076844
19.410000 0.076844
19.420000 0.076844
19.430000 0.076844
19.440000 0.076844
19.450000 0.076844
19.460000 0.076844
19.470000 0.076844
19.480000 0.076844
19.490000 0.076844
19.500000 0.076844
19.510000 0.076844
19.520000 0.076844
19.530000 0.076844
19.540000 0.076844
19.550000 0.076844
19.560000 0.076844
19.570000 0.076844
19.580000 0.076844
19.590000 0.076844
19.600000 0.076844
19.610000 0.076844
19.620000 0.076844
19.630000 0.076844
19.640000 0.076844
19.650000 0.076844
19.660000 0.076844
19.670000 0.076844
19.680000 0.076844
19.690000 0.076844
19.700000 0.076844
19.710000 0.076844
19.720000 0.076844
19.730000 0.076844
19.740000 0.076844
19.750000 0.076844
19.760000 0.076844
19.770000 0.076844
19.780000 0.076844
19.790000 0.076844
19.800000 0.076844
19.810000 0.076844
19.820000 0.076844
19.830000 0.076844
19.840000 0.076844
19.850000 0.076844
19.860000 0.076844
19.870000 0.076844
19.880000 0.076844
19.890000 0.076844
19.900000 0.076844
19.910000 0.076844
19.920000 0.076844
19.930000 0.076844
19.940000 0.076844
19.950000 0.076844
19.960000 0.076844
19.970000 0.076844
19.980000 0.076844
19.990000 0.076844
20.000000 0.076844
20.010000 0.076844
20.020000 0.076844
20.030000 0.076844
20.040000 0.076844
20.050000 0.076844
20.060000 0.076844
20.070000 0.076844
20.080000 0.076844
20.090000 0.076844
20.100000 0.076844
20.110000 0.076844
20.120000 0.076844
20.130000 0.076844
20.140000 0.076844
20.150000 0.076844
20.160000 0.076844
20.170000 0.076844
20.180000 0.076844
20.190000 0.076844
20.200000 0.076844
20.210000 0.076844
20.220000 0.076844
20.230000 0.076844
20.240000 0.076844
20.250000 0.076844
20.260000 0.076844
20.270000 0.076844
20.280000 0.076844
20.290000 0.076844
20.300000 0.076844
20.310000 0.076844
20.320000 0.076844
20.330000 0.076844
20.340000 0.076844
20.350000 0.076844
20.360000 0.076844
20.370000 0.076844
20.380000 0.076844
20.390000 0.076844
20.400000 0.076844
20.410000 0.076844
20.420000 0.076844
