1 0.000000
4 0.000000
26 0.151787
47 0.150162
71 0.153734
72 0.003000
73 0.006669
74 0.002013
75 0.001677
105 0.139641
106 0.003000
111 0.007570
112 0.001677
113 0.002753
114 0.003000
115 0.003000
116 0.003000
117 0.003000
145 0.129000
146 0.006669
147 0.003341
155 0.001677
156 0.002013
157 0.001676
158 0.002624
160 0.003000
161 0.003000
162 0.003000
164 0.003000
165 0.003000
166 0.003000
195 0.117000
196 0.006669
197 0.003341
198 0.002013
207 0.001677
208 0.001676
209 0.002624
210 0.003000
211 0.003000
212 0.003000
213 0.003000
215 0.003000
216 0.003000
217 0.003000
218 0.003000
219 0.003000
220 0.003000
221 0.003000
226 0.003000
227 0.003000
228 0.003000
230 0.003000
231 0.003000
232 0.003000
233 0.003000
269 0.087000
270 0.003000
271 0.003000
273 0.003000
274 0.003000
275 0.003000
276 0.003000
277 0.003000
278 0.003000
279 0.003000
281 0.003000
282 0.003000
283 0.003000
286 0.003000
287 0.003000
288 0.003000
289 0.003000
294 0.003000
295 0.003000
296 0.003000
297 0.003000
298 0.003000
299 0.003000
300 0.003000
302 0.003000
303 0.003000
304 0.003000
306 0.003000
307 0.003000
308 0.003000
309 0.003000
310 0.003000
311 0.003000
312 0.003000
314 0.003000
315 0.003000
316 0.003000
318 0.003000
319 0.003000
320 0.003000
321 0.003000
349 0.033000
350 0.003000
351 0.003000
353 0.003000
354 0.003000
355 0.003000
356 0.003000
359 0.003000
360 0.003000
361 0.003000
364 0.003000
365 0.003000
366 0.003000
367 0.003000
369 0.003000
370 0.003000
371 0.003000
374 0.003000
375 0.003000
376 0.003000
377 0.003000
380 0.003000
381 0.003000
382 0.003000
385 0.003000
386 0.003000
387 0.003000
389 0.003000
390 0.003000
391 0.003000
392 0.003000
394 0.003000
395 0.003000
396 0.003000
398 0.003000
399 0.003000
400 0.003000
401 0.003000
402 0.003000
403 0.003000
404 0.003000
407 0.003000
408 0.003000
409 0.003000
410 0.003000
413 0.003000
414 0.003000
415 0.003000
418 0.003000
419 0.006669
420 0.002013
421 0.001677
423 0.001677
424 0.002964
427 0.003000
428 0.003000
431 0.003000
432 0.003000
434 0.003000
435 0.003000
438 0.003000
439 0.003000
442 0.003000
443 0.003000
458 0.003000
459 0.003000
462 0.003000
463 0.003000
466 0.003000
467 0.003000
469 0.003000
470 0.003000
473 0.003000
474 0.003000
477 0.003000
478 0.003000
480 0.003000
481 0.003000
484 0.003000
485 0.003000
488 0.003000
489 0.003000
492 0.003000
493 0.003000
495 0.003000
496 0.003000
499 0.003000
500 0.003000
505 0.003000
506 0.003000
509 0.003000
510 0.003000
513 0.003000
514 0.003000
517 0.003000
518 0.003000
521 0.003000
522 0.003000
524 0.003000
525 0.003000
529 0.008669
532 0.001677
533 0.001677
535 0.002977
536 0.003000
539 0.003000
540 0.003000
543 0.003000
544 0.003000
547 0.003000
548 0.003000
559 0.003000
560 0.003000
561 0.003000
562 0.003000
565 0.003000
566 0.003000
568 0.003000
569 0.003000
572 0.003000
573 0.003000
576 0.003000
577 0.003000
580 0.003000
581 0.003000
583 0.003000
584 0.003000
587 0.003000
588 0.003000
591 0.003000
592 0.003000
594 0.003000
595 0.003000
598 0.003000
599 0.003000
602 0.003000
603 0.003000
607 0.003000
608 0.003000
611 0.003000
612 0.003000
617 0.003000
618 0.003000
622 0.003000
623 0.003000
626 0.003000
627 0.003000
631 0.003000
632 0.003000
636 0.003000
637 0.003677
641 0.003341
642 0.001982
645 0.003690
646 0.002310
650 0.003000
651 0.003000
655 0.003000
656 0.003000
659 0.003000
660 0.003000
664 0.003000
665 0.003000
674 -0.027987
729 0.153987
730 0.003000
731 0.003000
732 0.003000
733 0.003000
734 0.003000
735 0.003000
736 0.003000
737 0.003000
738 0.003000
739 0.003000
740 0.003000
741 0.003000
742 0.003000
743 0.003000
744 0.003000
745 0.003000
746 0.003000
747 0.003000
748 0.003000
749 0.003000
750 0.003000
751 0.003000
752 0.003000
753 0.003000
754 0.003000
756 0.003000
757 0.003000
759 0.003000
760 0.003000
763 0.003000
764 0.004135
796 0.058865
797 0.003000
798 0.003000
801 0.003000
802 0.003000
804 0.003000
805 0.003000
809 0.003000
810 0.003000
812 0.003000
813 0.003000
815 0.003000
816 0.003000
817 0.003000
818 0.003000
820 0.003000
821 0.003000
823 0.003000
824 0.003000
825 0.003000
826 0.003000
828 0.003000
829 0.003000
831 0.003000
832 0.003000
834 0.003000
835 0.003000
837 0.003000
838 0.003000
841 0.003000
842 0.003000
845 0.005005
846 0.002013
866 0.055982
867 0.003000
870 0.003000
871 0.003000
872 0.003000
873 0.003000
876 0.003000
877 0.003000
880 0.003000
881 0.003000
885 0.003000
886 0.003000
888 0.003000
889 0.003000
890 0.003000
891 0.003000
893 0.003000
894 0.003000
896 0.003000
897 0.003000
899 0.003000
900 0.003000
901 0.003000
902 0.003000
904 0.003000
905 0.003000
907 0.003000
908 0.003000
909 0.003000
910 0.003000
913 0.003000
917 0.008669
918 0.001677
926 0.001677
927 0.002977
945 0.051000
946 0.003000
948 0.003000
949 0.003000
952 0.003000
953 0.003000
954 0.003000
958 0.003000
959 0.003000
965 0.003000
966 0.003000
968 0.003000
969 0.003000
971 0.003000
972 0.003000
974 0.003000
975 0.003000
976 0.003000
977 0.003000
979 0.003000
980 0.003000
982 0.003000
983 0.003000
985 0.003000
986 0.003000
987 0.003000
988 0.003000
991 0.003000
992 0.003000
996 0.003000
997 0.005341
1004 0.003659
1005 0.003690
1007 0.002310
1010 -0.003987
1050 0.102987
1051 0.003000
1052 0.003000
1054 0.003000
1055 0.003000
1056 0.003000
1058 0.003000
1059 0.003000
1061 0.003000
1062 0.003000
1063 0.003000
1065 0.003000
1066 0.003000
1067 0.003000
1071 0.006000
1072 0.003000
1074 0.003000
1075 0.003000
1100 0.099000
1101 0.003000
1102 0.003000
1104 0.003000
1105 0.003000
1106 0.003000
1107 0.003000
1109 0.003000
1110 0.003000
1112 0.003000
1113 0.003000
1114 0.003000
1115 0.003000
1117 0.003000
1118 0.003000
1121 0.003000
1122 0.003000
1124 0.003000
1125 0.003000
1150 0.099000
1151 0.003000
1153 0.003000
1154 0.003000
1155 0.003000
1156 0.003000
1158 0.003000
1159 0.003000
1160 0.003000
1161 0.003000
1163 0.003000
1164 0.003000
1166 0.003000
1167 0.003000
1168 0.003000
1169 0.003000
1172 0.003000
1173 0.003000
1175 0.003000
1176 0.003000
1178 0.003000
1179 0.003000
1205 0.093000
1206 0.003000
1207 0.003000
1208 0.003000
1210 0.003000
1211 0.003000
1212 0.003000
1214 0.003000
1215 0.003000
1217 0.003000
1218 0.003000
1219 0.003000
1220 0.003000
1223 0.003000
1224 0.003000
1226 0.003000
1227 0.003000
1228 0.003000
1229 0.003000
1231 0.003000
1232 0.003000
1234 0.003000
1235 0.003000
1260 0.090000
1261 0.003000
1263 0.003000
1264 0.003000
1266 0.003000
1267 0.003000
1268 0.003000
1269 0.003000
1270 0.003000
1271 0.003000
1273 0.003000
1274 0.003000
1276 0.003000
1277 0.003000
1280 0.003000
1281 0.003000
1282 0.003000
1283 0.003000
1285 0.003000
1286 0.003000
1288 0.003000
1289 0.003000
1290 0.003000
1291 0.003000
1318 0.084000
1319 0.003000
1321 0.003000
1322 0.003000
1324 0.003000
1325 0.003000
1327 0.003000
1328 0.003000
1329 0.003000
1330 0.003000
1331 0.003000
1333 0.003000
1334 0.003000
1337 0.003000
1338 0.003000
1339 0.003000
1340 0.003000
1342 0.003000
1343 0.003000
1345 0.003000
1346 0.003000
1348 0.003000
1349 0.003000
1350 0.003000
1351 0.003000
1379 0.081000
1380 0.003000
1381 0.003000
1382 0.003000
1384 0.003000
1385 0.003000
1387 0.003000
1388 0.003000
1390 0.003000
1391 0.003000
1392 0.003000
1393 0.003000
1394 0.003000
1397 0.003000
1398 0.003000
1400 0.003000
1401 0.003000
1402 0.003000
1403 0.003000
1405 0.003677
1406 0.002323
1409 0.003000
1410 0.003000
1412 0.003000
1413 0.003000
1414 0.003000
1415 0.003000
1442 0.078000
1443 0.003000
1445 0.003000
1446 0.003000
1448 0.003000
1449 0.003000
1450 0.003000
1451 0.003000
1453 0.003000
1454 0.003000
1457 0.003000
1458 0.003000
1459 0.003000
1460 0.003000
1463 0.003000
1464 0.003000
1465 0.003000
1466 0.003000
1468 0.003000
1469 0.003000
1471 0.003000
1472 0.003000
1473 0.003000
1474 0.003000
1476 0.003000
1477 0.003000
1479 0.003000
1480 0.003000
1507 0.072000
1508 0.003000
1511 0.003000
1512 0.003000
1514 0.003000
1515 0.003000
1517 0.003000
1518 0.003000
1519 0.003000
1520 0.003000
1523 0.003000
1524 0.003000
1527 0.003000
1528 0.003000
1529 0.003000
1530 0.003000
1531 0.003000
1533 0.003000
1534 0.003000
1536 0.003000
1537 0.003000
1539 0.003000
1540 0.003000
1541 0.003000
1542 0.003000
1544 0.003000
1545 0.003000
1548 0.003000
1549 0.003000
1575 0.069000
1576 0.003000
1578 0.003000
1579 0.003000
1582 0.003000
1583 0.003000
1585 0.003000
1586 0.003000
1588 0.003000
1589 0.003000
1590 0.003000
1591 0.003000
1595 0.003000
1596 0.003000
1598 0.003000
1599 0.003000
1600 0.003000
1601 0.003000
1602 0.003000
1603 0.003000
1605 0.003000
1606 0.003000
1608 0.003000
1609 0.003000
1611 0.003000
1612 0.003000
1613 0.003000
1614 0.003000
1616 0.003000
1617 0.003000
1620 0.003000
1621 0.003000
1647 0.063000
1648 0.003000
1651 0.003000
1652 0.003000
1655 0.003000
1656 0.003000
1658 0.003000
1659 0.003000
1661 0.003000
1662 0.003000
1665 0.003000
1666 0.003000
1669 0.003000
1670 0.003000
1671 0.003000
1672 0.003000
1673 0.003000
1675 0.003000
1676 0.003000
1678 0.003000
1679 0.003000
1680 0.003000
1681 0.003000
1683 0.003000
1684 0.003000
1686 0.003000
1687 0.003000
1689 0.003000
1690 0.003000
1692 0.003000
1693 0.003000
1696 0.003000
1697 0.003000
1722 0.060000
1723 0.003000
1726 0.003000
1727 0.003000
1729 0.003000
1730 0.003000
1733 0.003000
1734 0.003000
1736 0.003000
1737 0.003000
1740 0.003000
1741 0.003000
1743 0.003000
1744 0.003000
1746 0.003000
1747 0.003000
1749 0.003000
1750 0.003000
1751 0.003341
1752 0.002659
1754 0.003000
1755 0.003000
1757 0.003000
1758 0.003000
1760 0.003000
1761 0.003000
1762 0.003000
1763 0.003000
1766 0.003000
1767 0.003000
1770 0.003000
1771 0.003000
1774 0.003000
1775 0.003000
1798 0.054000
1799 0.003000
1802 0.003000
1803 0.003000
1805 0.003000
1806 0.003000
1809 0.003000
1810 0.003000
1813 0.003000
1814 0.003000
1818 0.003000
1819 0.003000
1821 0.003000
1822 0.003000
1824 0.003000
1825 0.003000
1827 0.003000
1828 0.003000
1830 0.003000
1831 0.003000
1832 0.003000
1833 0.003000
1834 0.003000
1836 0.003000
1837 0.003000
1839 0.003000
1840 0.003000
1842 0.003000
1843 0.003000
1846 0.003000
1847 0.003000
1850 0.003000
1851 0.003000
1853 0.003000
1854 0.005005
1877 0.048995
1878 0.003000
1881 0.003000
1882 0.003000
1885 0.003000
1886 0.003000
1888 0.003000
1889 0.003000
1892 0.003000
1893 0.003000
1897 0.003000
1898 0.003000
1902 0.003000
1903 0.003000
1904 0.003000
1905 0.003000
1907 0.003000
1908 0.003000
1910 0.003000
1911 0.003000
1912 0.003000
1913 0.003000
1914 0.003000
1915 0.003000
1917 0.003000
1918 0.003000
1920 0.003000
1921 0.003000
1923 0.003000
1924 0.003000
1926 0.003000
1927 0.003000
1930 0.003000
1931 0.003000
1934 0.005906
1935 0.001677
1940 0.005005
1962 0.044412
1963 0.003000
1966 0.003000
1967 0.003000
1969 0.003000
1970 0.003000
1973 0.003000
1974 0.003000
1977 0.003000
1978 0.003000
1981 0.003000
1982 0.003000
1986 0.003000
1987 0.003000
1989 0.003000
1990 0.003000
1992 0.003000
1993 0.003000
1994 0.003000
1995 0.003000
1997 0.003000
1998 0.003000
1999 0.003000
2001 0.003000
2002 0.003000
2003 0.003000
2004 0.003000
2007 0.003000
2008 0.003000
2012 0.003000
2013 0.003000
2017 0.003000
2018 0.003000
2021 0.006135
2022 0.001677
2028 0.001676
2029 0.005341
2056 0.042171
2057 0.003000
2059 0.003613
2062 -0.001677
2084 0.058064
2085 0.003000
2086 0.003000
2088 0.003000
2089 0.003000
2091 0.003000
2094 0.003000
2095 0.003000
2097 0.003000
2099 0.003000
2100 0.003000
2101 0.003000
2105 0.006000
2106 0.003000
2108 0.003000
2109 0.003000
2117 0.042000
2120 0.003000
2121 0.003000
2122 0.003000
2123 0.003000
2138 0.054000
2139 0.003000
2141 0.003000
2142 0.003000
2144 0.003000
2145 0.003000
2147 0.003000
2148 0.003000
2151 0.003000
2152 0.003000
2154 0.003000
2155 0.005600
2159 0.003400
2160 0.003000
2161 0.003000
2162 0.003000
2172 0.042000
2173 0.003000
2176 0.003000
2177 0.003000
2190 0.054000
2191 0.003000
2192 0.003000
2193 0.003000
2195 0.003000
2196 0.003000
2198 0.003000
2199 0.003000
2201 0.003000
2202 0.003000
2205 0.003000
2208 0.008669
2209 0.001677
2215 0.001677
2216 0.002977
2218 0.003000
2219 0.003000
2228 0.039000
2229 0.003000
2232 0.003000
2233 0.003000
2251 0.054000
2252 0.003000
2253 0.003000
2254 0.003000
2255 0.003000
2257 0.003000
2258 0.003000
2262 0.003000
2263 0.003000
2266 0.003000
2267 0.003000
2269 0.003933
2270 0.005005
2275 0.001677
2276 0.003690
2278 -0.001677
2309 0.122372
2311 0.003000
2312 0.003000
2313 0.003000
2315 0.003000
2316 0.003000
2317 0.003000
2319 0.003000
2322 0.006000
2324 0.003000
2325 0.003000
2326 0.003000
2327 0.003000
2328 0.003000
2355 0.114000
2356 0.003000
2357 0.003000
2358 0.003000
2360 0.003000
2361 0.003000
2363 0.003000
2364 0.005570
2368 0.003430
2369 0.003000
2371 0.003000
2372 0.003000
2373 0.003000
2374 0.003000
2375 0.003000
2401 0.111000
2402 0.003000
2404 0.003000
2405 0.003000
2407 0.003000
2408 0.003000
2412 0.006135
2413 0.002865
2415 0.003000
2416 0.003000
2417 0.003000
2418 0.003000
2420 0.003000
2421 0.003000
2422 0.003000
2423 0.003000
2451 0.105000
2452 0.003000
2453 0.003000
2454 0.003000
2456 0.003000
2457 0.003000
2461 0.006700
2462 0.002300
2464 0.003000
2465 0.003000
2466 0.003000
2467 0.003000
2469 0.003000
2470 0.003000
2472 0.003000
2473 0.003000
2499 0.105000
2500 0.003000
2501 0.003000
2502 0.003000
2503 0.003000
2505 0.003000
2506 0.005600
2510 0.001677
2511 0.002013
2513 0.002710
2514 0.003000
2516 0.003000
2517 0.003000
2518 0.003000
2519 0.003000
2522 0.003000
2523 0.003000
2549 0.105000
2550 0.003000
2551 0.003000
2552 0.003000
2554 0.003000
2555 0.003000
2556 0.005005
2557 0.002013
2561 0.001982
2562 0.003000
2564 0.003000
2565 0.003000
2567 0.003000
2568 0.003000
2569 0.003000
2570 0.003000
2572 0.003000
2573 0.003000
2576 0.003000
2577 0.003000
2605 0.099000
2606 0.003000
2607 0.003000
2608 0.003000
2609 0.003000
2611 0.005005
2612 0.002013
2616 0.001982
2617 0.003000
2618 0.003000
2619 0.003000
2621 0.003000
2622 0.003000
2624 0.003000
2625 0.003000
2628 0.003000
2629 0.003000
2631 0.003000
2632 0.003000
2634 0.003000
2635 0.003000
2663 0.096000
2664 0.003000
2666 0.003000
2667 0.003000
2668 0.005570
2672 0.001677
2673 0.001753
2674 0.003000
2675 0.003000
2677 0.003000
2678 0.003000
2680 0.003000
2681 0.003000
2682 0.003000
2683 0.003000
2687 0.003000
2688 0.003000
2690 0.003000
2691 0.003000
2693 0.003000
2694 0.003000
2723 0.093000
2724 0.003000
2726 0.003000
2727 0.003000
2731 0.006135
2732 0.002865
2733 0.003000
2734 0.003000
2735 0.003000
2736 0.003000
2738 0.003000
2739 0.003000
2741 0.003000
2742 0.003000
2744 0.003000
2745 0.003000
2748 0.003000
2749 0.003000
2751 0.003000
2752 0.003000
2754 0.003000
2755 0.003000
2756 0.003000
2757 0.003000
2787 0.084000
2788 0.003000
2790 0.003000
2791 0.005036
2795 0.003964
2796 0.003000
2797 0.003000
2798 0.003000
2799 0.003000
2801 0.003000
2802 0.003000
2804 0.003000
2805 0.003000
2809 0.003000
2810 0.003000
2811 0.003000
2812 0.003000
2814 0.003000
2815 0.003000
2817 0.003000
2818 0.003000
2819 0.003000
2820 0.003000
2822 0.003000
2823 0.003000
2841 0.081000
2842 0.003000
2843 0.006000
2844 0.003000
2845 0.003000
2846 0.003000
2847 0.003000
2848 0.003000
2849 0.003000
2850 0.003000
2851 0.003000
2852 0.003000
2854 0.003000
2855 0.003000
2856 0.003000
2857 0.003000
2858 0.003000
2859 0.003000
2860 0.003000
2861 0.003000
2862 0.003000
2863 0.003000
2864 0.003000
2865 0.003000
2866 0.003000
2867 0.003000
2881 0.075000
2882 0.003000
2883 0.006000
2884 0.003000
2885 0.003000
2886 0.003000
2887 0.003000
2888 0.003000
2889 0.003000
2890 0.003000
2891 0.003000
2892 0.003000
2893 0.003000
2894 0.003000
2895 0.003000
2896 0.003000
2897 0.003000
2898 0.003000
2899 0.003000
2900 0.003000
2901 0.003000
2902 0.003000
2903 0.003000
2904 0.003000
2905 0.003000
2906 0.003000
2907 0.003000
2921 0.072000
2922 0.003000
2924 0.006000
2925 0.003000
2926 0.003000
2927 0.003000
2928 0.003000
2929 0.003000
2930 0.003000
2931 0.003000
2932 0.003000
2933 0.003000
2934 0.003000
2935 0.003000
2936 0.003000
2937 0.003000
2938 0.003000
2939 0.003000
2940 0.003000
2941 0.003000
2942 0.003000
2943 0.003000
2944 0.003000
2945 0.003000
2946 0.003000
2947 0.003000
2948 0.003000
2949 0.003000
2951 0.003000
2952 0.003000
2965 0.066000
2966 0.003000
2968 0.006000
2969 0.003000
2971 0.003000
2972 0.003000
2973 0.003000
2974 0.003000
2975 0.003000
2976 0.003000
2977 0.003000
2978 0.003000
2979 0.003000
2980 0.003000
2981 0.003000
2982 0.003000
2983 0.003000
2984 0.003000
2985 0.003000
2986 0.003000
2987 0.003000
2988 0.003000
2989 0.003000
2990 0.003000
2991 0.003000
2992 0.003000
2993 0.003000
2995 0.003000
2996 0.003000
2997 0.003000
2998 0.003000
3011 0.063000
3012 0.003000
3014 0.006000
3015 0.003000
3017 0.003000
3018 0.003000
3019 0.003000
3020 0.003000
3021 0.003000
3022 0.003000
3023 0.003000
3024 0.003000
3025 0.003000
3026 0.003000
3027 0.003000
3028 0.003000
3029 0.003000
3030 0.003000
3031 0.003000
3032 0.003000
3033 0.003000
3034 0.003000
3035 0.003000
3036 0.003000
3037 0.003000
3038 0.003000
3039 0.003000
3040 0.003000
3042 0.003000
3043 0.003000
3045 0.003000
3046 0.003000
3058 0.057000
3059 0.003000
3061 0.006000
3062 0.003000
3064 0.003000
3065 0.003000
3067 0.003000
3068 0.003000
3069 0.003000
3070 0.003000
3071 0.003000
3072 0.003000
3073 0.003000
3074 0.003000
3075 0.003000
3076 0.003000
3077 0.003000
3078 0.003000
3079 0.003000
3080 0.003000
3081 0.003000
3082 0.003000
3083 0.003000
3084 0.003000
3085 0.003000
3086 0.003000
3087 0.003000
3089 0.003000
3090 0.003000
3092 0.003000
3093 0.003000
3095 0.003000
3096 0.003000
3107 0.054000
3108 0.003000
3110 0.006000
3111 0.003000
3113 0.003000
3114 0.003000
3116 0.003000
3117 0.003000
3119 0.003000
3120 0.003000
3121 0.003000
3122 0.003000
3123 0.003000
3124 0.003000
3125 0.003000
3126 0.003000
3127 0.003000
3128 0.003000
3129 0.003000
3130 0.003000
3131 0.003000
3132 0.003000
3133 0.003000
3134 0.003000
3135 0.003000
3136 0.003000
3137 0.003000
3139 0.003000
3140 0.003000
3141 0.003000
3142 0.003000
3144 0.003000
3145 0.003000
3147 0.003000
3148 0.003000
3159 0.051000
3160 0.003000
3162 0.006000
3163 0.003000
3165 0.003000
3166 0.003000
3168 0.003000
3169 0.003000
3171 0.003000
3172 0.003000
3173 0.003000
3174 0.003000
3175 0.003000
3176 0.003000
3177 0.003000
3178 0.003000
3179 0.003000
3180 0.003000
3181 0.003000
3182 0.003000
3183 0.003000
3184 0.003000
3185 0.003000
3186 0.003000
3187 0.003000
3188 0.003000
3189 0.003000
3190 0.003000
3192 0.003000
3193 0.003000
3195 0.003000
3196 0.003000
3198 0.003000
3199 0.003000
3201 0.003000
3202 0.003000
3212 0.045000
3213 0.003000
3215 0.006000
3216 0.003000
3218 0.003000
3219 0.003000
3221 0.003000
3222 0.003000
3224 0.003000
3225 0.003000
3227 0.003000
3228 0.003000
3229 0.003000
3230 0.003000
3231 0.003000
3232 0.003000
3233 0.003000
3234 0.003000
3235 0.003000
3236 0.003000
3237 0.003000
3238 0.003000
3239 0.003000
3240 0.003000
3241 0.003000
3242 0.003000
3243 0.003000
3245 0.003000
3246 0.003000
3248 0.003000
3249 0.003000
3251 0.003000
3252 0.003000
3254 0.003000
3255 0.003000
3257 0.003000
3258 0.003000
3267 0.042000
3268 0.003000
3270 0.006000
3271 0.003000
3273 0.003000
3274 0.003000
3276 0.003000
3277 0.003000
3279 0.003000
3280 0.003000
3282 0.003000
3283 0.003000
3285 0.003000
3286 0.003000
3287 0.003000
3288 0.003000
3289 0.003000
3290 0.003000
3291 0.003000
3292 0.003000
3293 0.003000
3294 0.003000
3295 0.003000
3296 0.003000
3297 0.003000
3298 0.003000
3299 0.003000
3300 0.003000
3302 0.003000
3303 0.003000
3304 0.003000
3305 0.003000
3307 0.003000
3308 0.003000
3310 0.003000
3311 0.003000
3313 0.003000
3314 0.003000
3316 0.003000
3317 0.003000
3326 0.036000
3327 0.003000
3329 0.006000
3330 0.003000
3332 0.003000
3333 0.003000
3335 0.003000
3336 0.003000
3338 0.003000
3339 0.003000
3341 0.003000
3342 0.003000
3344 0.003000
3345 0.003000
3347 0.003000
3348 0.003000
3349 0.003000
3350 0.003000
3351 0.003000
3352 0.003000
3353 0.003000
3354 0.003000
3355 0.003000
3356 0.003000
3357 0.003000
3358 0.003000
3359 0.003000
3361 0.003000
3362 0.003000
3363 0.003000
3364 0.003000
3366 0.003000
3367 0.003000
3369 0.003000
3370 0.003000
3372 0.003000
3373 0.003000
3375 0.003000
3376 0.003000
3378 0.003000
3379 0.003000
3387 0.033000
3388 0.003000
3390 0.006000
3391 0.003000
3393 0.003000
3394 0.003000
3396 0.003000
3397 0.003000
3399 0.003000
3400 0.003000
3402 0.003000
3403 0.003000
3405 0.003000
3406 0.003000
3408 0.003000
3409 0.003000
3410 0.003000
3411 0.003000
3412 0.003000
3413 0.003000
3414 0.003000
3415 0.003000
3416 0.003000
3417 0.003000
3418 0.003000
3419 0.003000
3420 0.003000
3421 0.003000
3423 0.003000
3424 0.003000
3426 0.003000
3427 0.003000
3429 0.003000
3430 0.003000
3432 0.003000
3433 0.003000
3435 0.003000
3436 0.003000
3438 0.003000
3439 0.003000
3441 0.003000
3442 0.003000
3449 0.027000
3450 0.003000
3452 0.006000
3453 0.003000
3455 0.003000
3456 0.003000
3458 0.003000
3459 0.003000
3461 0.003000
3462 0.003000
3464 0.003000
3465 0.003000
3467 0.003000
3468 0.003000
3470 0.003000
3471 0.003000
3473 0.003000
3474 0.003000
3475 0.003000
3476 0.003000
3477 0.003000
3478 0.003000
3479 0.003000
3480 0.003000
3481 0.003000
3482 0.003000
3483 0.003000
3485 0.003000
3486 0.003000
3488 0.003000
3489 0.003000
3491 0.003000
3492 0.003000
3494 0.003000
3495 0.003000
3497 0.003000
3498 0.003000
3500 0.003000
3501 0.003000
3503 0.003000
3504 0.003000
3506 0.003000
3507 0.003000
3513 0.024000
3514 0.003000
3516 0.006000
3517 0.003000
3519 0.003000
3520 0.003000
3522 0.003000
3523 0.003000
3525 0.003000
3526 0.003000
3528 0.003000
3529 0.003000
3531 0.003000
3532 0.003000
3534 0.003000
3535 0.003000
3537 0.003000
3538 0.003000
3540 0.003000
3541 0.003000
3542 0.003000
3543 0.003000
3544 0.003000
3545 0.003000
3546 0.003000
3547 0.003000
3549 0.003000
3550 0.003000
3551 0.003000
3552 0.003000
3553 0.003000
3554 0.003000
3556 0.003000
3557 0.003000
3559 0.003000
3560 0.003000
3562 0.003000
3563 0.003000
3565 0.003000
3566 0.003000
3568 0.003000
3569 0.003000
3571 0.003000
3572 0.003000
3574 0.003000
3575 0.003000
3581 0.018000
3582 0.003000
3584 0.006000
3585 0.003000
3587 0.003000
3588 0.003000
3590 0.003000
3591 0.003000
3593 0.003000
3594 0.003000
3596 0.003000
3597 0.003000
3599 0.003000
3600 0.003000
3602 0.003000
3603 0.003000
3605 0.003000
3606 0.003000
3608 0.003000
3609 0.003000
3611 0.003000
3612 0.003000
3613 0.003000
3614 0.003000
3615 0.003000
3616 0.003000
3618 0.003000
3619 0.003000
3620 0.003000
3621 0.003000
3622 0.003000
3624 0.003000
3625 0.003000
3627 0.003000
3628 0.003000
3630 0.003000
3631 0.003000
3633 0.003000
3634 0.003000
3636 0.003000
3637 0.003000
3639 0.003000
3640 0.003000
3642 0.003000
3643 0.003000
3645 0.003000
3646 0.003000
3651 0.015000
3652 0.003000
3654 0.006000
3655 0.003000
3657 0.003000
3658 0.003000
3660 0.003000
3661 0.003000
3663 0.003000
3664 0.003000
3666 0.003000
3667 0.003000
3669 0.003000
3670 0.003000
3672 0.003000
3673 0.003000
3675 0.003000
3676 0.003000
3678 0.003000
3679 0.003000
3681 0.003000
3682 0.003000
3683 0.003000
3684 0.003000
3685 0.003000
3686 0.003000
3688 0.003000
3689 0.003000
3691 0.003000
3692 0.003000
3693 0.003000
3695 0.003000
3696 0.003000
3698 0.003000
3699 0.003000
3701 0.003000
3702 0.003000
3704 0.003000
3705 0.003000
3707 0.003000
3708 0.003000
3710 0.003000
3711 0.003000
3713 0.003000
3714 0.003000
3716 0.003000
3717 0.003000
3721 0.012000
3722 0.003000
3724 0.006000
3725 0.003000
3727 0.003000
3728 0.003000
3730 0.003000
3731 0.003000
3733 0.003000
3734 0.003000
3736 0.003000
3737 0.003000
3739 0.003000
3740 0.003000
3742 0.003000
3743 0.003000
3745 0.003000
3746 0.003000
3748 0.003000
3749 0.003000
3751 0.003000
3752 0.003000
3754 0.003000
3755 0.003000
3756 0.003000
3757 0.003000
3759 0.003000
3760 0.003000
3761 0.003000
3762 0.003000
3764 0.003000
3765 0.003000
3766 0.003000
3767 0.003000
3769 0.003000
3770 0.003000
3772 0.003000
3773 0.003000
3775 0.003000
3776 0.003000
3778 0.003000
3779 0.003000
3781 0.003000
3782 0.003000
3784 0.003000
3785 0.003000
3787 0.003000
3788 0.003000
3790 0.003000
3791 0.003000
3795 0.006000
3796 0.003000
3798 0.006000
3799 0.003000
3801 0.003000
3802 0.003000
3804 0.003000
3805 0.003000
3807 0.003000
3808 0.003000
3810 0.003000
3811 0.003000
3813 0.003000
3814 0.003000
3816 0.003000
3817 0.003000
3819 0.003000
3820 0.003000
3822 0.003000
3823 0.003000
3825 0.003000
3826 0.003000
3828 0.003000
3829 0.003000
3831 0.003000
3832 0.003000
3834 0.003000
3835 0.003000
3836 0.003000
3837 0.003000
3839 0.003000
3840 0.003000
3841 0.003000
3843 0.003000
3844 0.003000
3846 0.003000
3847 0.003000
3849 0.003000
3850 0.003000
3852 0.003000
3853 0.003000
3855 0.003000
3856 0.003000
3858 0.003000
3859 0.003000
3861 0.003000
3862 0.003000
3864 0.003000
3865 0.003000
3867 0.003000
3868 0.003000
3871 0.003000
3872 0.003000
3874 0.006000
3875 0.003000
3877 0.003000
3878 0.003000
3880 0.003000
3881 0.003000
3883 0.003000
3884 0.003000
3886 0.003000
3887 0.003000
3889 0.003000
3890 0.003000
3892 0.003000
3893 0.003000
3895 0.003000
3896 0.003000
3898 0.003000
3899 0.003000
3901 0.003000
3902 0.003000
3904 0.003000
3905 0.003000
3907 0.003000
3908 0.003000
3910 0.003000
3911 0.003000
3913 0.003000
3914 0.003000
3916 0.003000
3917 0.003000
3919 0.003000
3920 0.003000
3921 0.003000
3922 0.003000
3924 0.003000
3925 0.003000
3927 0.003000
3928 0.003000
3930 0.003000
3931 0.003000
3933 0.003000
3934 0.003000
3936 0.003000
3937 0.003000
3939 0.003000
3940 0.003000
3942 0.003000
3943 0.003000
3945 0.003000
3946 0.003000
3948 0.003000
3949 0.003000
3951 0.003000
3952 0.003000
3954 0.003000
3955 0.003000
3957 0.003000
3958 0.003000
3960 0.003000
3961 0.003000
3963 0.003000
3964 0.003000
3966 0.003000
3967 0.003000
3969 0.003000
3970 0.003000
3972 0.003000
3973 0.003000
3975 0.003000
3976 0.003000
3978 0.003000
3979 0.003000
3981 0.003000
3982 0.003000
3984 0.003000
3985 0.003000
3987 0.003000
3988 0.003000
3990 0.003000
3991 0.003000
3993 0.003000
3994 0.003000
3996 0.003000
3997 0.003000
3999 0.003000
4000 0.003000
4001 0.003000
4003 0.003000
4004 0.003000
4006 0.003000
4007 0.003000
4009 0.003000
4010 0.003000
4012 0.003000
4013 0.003000
4015 0.003000
4016 0.003000
4018 0.003000
4019 0.003000
4021 0.003000
4022 0.003000
4024 0.003000
4025 0.003000
4027 0.003000
4028 0.003000
4030 0.003000
4031 0.003000
4033 0.003000
4034 0.003000
4036 0.003000
4037 0.003000
4039 0.003000
4040 0.003000
4042 0.003000
4043 0.003000
4045 0.003000
4046 0.003000
4048 0.003000
4049 0.003000
4051 0.003000
4052 0.003000
4054 0.003000
4055 0.003000
4057 0.003000
4058 0.003000
4060 0.003000
4061 0.003000
4063 0.003000
4064 0.003000
4066 0.003000
4067 0.003000
4069 0.003000
4070 0.003000
4072 0.003000
4073 0.003000
4075 0.003000
4076 0.003000
4078 0.003000
4079 0.003000
4081 0.003000
4082 0.003000
4083 0.003000
4084 0.003000
4086 0.003000
4087 0.003000
4089 0.003000
4090 0.003000
4092 0.003000
4093 0.003000
4095 0.003000
4096 0.003000
4098 0.003000
4099 0.003000
4101 0.003000
4102 0.003000
4104 0.003000
4105 0.003000
4107 0.003000
4108 0.003000
4110 0.003000
4111 0.003000
4113 0.003000
4114 0.003000
4116 0.003000
4117 0.003000
4119 0.003000
4120 0.003000
4122 0.003000
4123 0.003000
4125 0.003000
4126 0.003000
4128 0.003000
4129 0.003000
4131 0.003000
4132 0.003000
4134 0.003000
4135 0.003000
4137 0.003000
4138 0.003000
4140 0.003000
4141 0.003000
4143 0.003000
4144 0.003000
4146 0.003000
4147 0.003000
4149 0.003000
4150 0.003000
4152 0.003000
4153 0.003000
4155 0.003000
4156 0.003000
4158 0.003000
4159 0.003000
4161 0.003000
4162 0.003000
4164 0.003000
4165 0.003000
4166 0.003000
4168 0.003000
4169 0.003000
4171 0.003000
4172 0.003000
4174 0.003000
4175 0.003000
4177 0.003000
4178 0.003000
4180 0.003000
4181 0.003000
4183 0.003000
4184 0.003000
4186 0.003000
4187 0.003000
4189 0.003000
4190 0.003000
4192 0.003000
4193 0.003000
4195 0.003000
4196 0.003000
4198 0.003000
4199 0.003000
4201 0.003000
4202 0.003000
4204 0.003000
4205 0.003000
4207 0.003000
4208 0.003000
4210 0.003000
4211 0.003000
4213 0.003000
4214 0.003000
4216 0.003000
4217 0.003000
4219 0.003000
4220 0.003000
4222 0.003000
4223 0.003000
4225 0.003000
4226 0.003000
4228 0.003000
4229 0.003000
4231 0.003000
4232 0.003000
4234 0.003000
4235 0.003000
4237 0.003000
4238 0.003000
4240 0.003000
4241 0.003000
4243 0.003000
4244 0.003000
4246 0.003000
4247 0.003000
4249 0.003000
4250 0.003000
4252 0.003000
4253 0.003000
4254 0.003000
4255 0.003000
4257 0.003000
4258 0.003000
4260 0.003000
4261 0.003000
4263 0.003000
4264 0.003000
4266 0.003000
4267 0.003000
4269 0.003000
4270 0.003000
4272 0.003000
4273 0.003000
4275 0.003000
4276 0.003000
4278 0.003000
4279 0.003000
4281 0.003000
4282 0.003000
4284 0.003000
4285 0.003000
4287 0.003000
4288 0.003000
4290 0.003000
4291 0.003000
4293 0.003000
4294 0.003000
4296 0.003000
4297 0.003000
4299 0.003000
4300 0.003000
4302 0.003000
4303 0.003000
4305 0.003000
4306 0.003000
4308 0.003000
4309 0.003000
4311 0.003000
4312 0.003000
4314 0.003000
4315 0.003000
4317 0.003000
4318 0.003000
4320 0.003000
4321 0.003000
4323 0.003000
4324 0.003000
4326 0.003000
4327 0.003000
4329 0.003000
4330 0.003000
4332 0.003000
4333 0.003000
4335 0.003000
4336 0.003000
4338 0.003000
4339 0.003000
4341 0.003000
4342 0.003000
4343 0.003000
4345 0.003000
4346 0.003000
4348 0.003000
4349 0.003000
4351 0.003000
4352 0.003000
4354 0.003000
4355 0.003000
4357 0.003000
4358 0.003000
4360 0.003000
4361 0.003000
4363 0.003000
4364 0.003000
4366 0.003000
4367 0.003000
4369 0.003000
4370 0.003000
4372 0.003000
4373 0.003000
4375 0.003000
4376 0.003000
4378 0.003000
4379 0.003000
4381 0.003000
4382 0.003000
4384 0.003000
4385 0.003000
4387 0.003000
4388 0.003000
4390 0.003000
4391 0.003000
4393 0.003000
4394 0.003000
4396 0.003000
4397 0.003000
4399 0.003000
4400 0.003000
4402 0.003000
4403 0.003000
4405 0.003000
4406 0.003000
4408 0.003000
4409 0.003000
4411 0.003000
4412 0.003000
4414 0.003000
4415 0.003000
4417 0.003000
4418 0.003000
4420 0.003000
4421 0.003000
4423 0.003000
4424 0.003000
4426 0.003000
4427 0.003000
4429 0.003000
4430 0.003000
4431 0.003000
4433 0.003000
4434 0.003000
4436 0.003000
4437 0.003000
4439 0.003000
4440 0.003000
4442 0.003000
4443 0.003000
4445 0.003000
4446 0.003000
4448 0.003000
4449 0.003000
4451 0.003000
4452 0.003000
4454 0.003000
4455 0.003000
4457 0.003000
4458 0.003000
4460 0.003000
4461 0.003000
4463 0.003000
4464 0.003000
4466 0.003000
4467 0.003000
4469 0.003000
4470 0.003000
4472 0.003000
4473 0.003000
4475 0.003000
4476 0.003000
4478 0.003000
4479 0.003000
4481 0.003000
4482 0.003000
4484 0.003000
4485 0.003000
4487 0.003000
4488 0.003000
4490 0.003000
4491 0.003000
4493 0.003000
4494 0.003000
4496 0.003000
4497 0.003000
4499 0.003000
4500 0.003000
4502 0.003000
4503 0.003000
4505 0.003000
4506 0.003000
4508 0.003000
4509 0.003000
4511 0.003000
4512 0.003000
4514 0.003000
4515 0.003000
4517 0.003000
4518 0.003000
4520 0.003000
4521 0.003000
4523 0.003000
4524 0.003000
4525 0.003000
4526 0.003000
4528 0.003000
4529 0.003000
4531 0.003000
4532 0.003000
4534 0.003000
4535 0.003000
4537 0.003000
4538 0.003000
4540 0.003000
4541 0.003000
4543 0.003000
4544 0.003000
4546 0.003000
4547 0.003000
4549 0.003000
4550 0.003000
4552 0.003000
4553 0.003000
4555 0.003000
4556 0.003000
4558 0.003000
4559 0.003000
4561 0.003000
4562 0.003000
4564 0.003000
4565 0.003000
4567 0.003000
4568 0.003000
4570 0.003000
4571 0.003000
4573 0.003000
4574 0.003000
4576 0.003000
4577 0.003000
4579 0.003000
4580 0.003000
4582 0.003000
4583 0.003000
4585 0.003000
4586 0.003000
4588 0.003000
4589 0.003000
4591 0.003000
4592 0.003000
4594 0.003000
4595 0.003000
4597 0.003000
4598 0.003000
4600 0.003000
4601 0.003000
4603 0.003000
4604 0.003000
4606 0.003000
4607 0.003000
4609 0.003000
4610 0.003000
4612 0.003000
4613 0.003000
4615 0.003000
4616 0.003000
4618 0.003000
4619 0.003000
4620 0.003000
4622 0.003000
4623 0.003000
4625 0.003000
4626 0.003000
4628 0.003000
4629 0.003000
4631 0.003000
4632 0.003000
4634 0.003000
4635 0.003000
4637 0.003000
4638 0.003000
4640 0.003000
4641 0.003000
4643 0.003000
4644 0.003000
4646 0.003000
4647 0.003000
4649 0.003000
4650 0.003000
4652 0.003000
4653 0.003000
4655 0.003000
4656 0.003000
4658 0.003000
4659 0.003000
4661 0.003000
4662 0.003000
4664 0.003000
4665 0.003000
4667 0.003000
4668 0.003000
4670 0.003000
4671 0.003000
4673 0.003000
4674 0.003000
4676 0.003000
4677 0.003000
4679 0.003000
4680 0.003000
4682 0.003000
4683 0.003000
4685 0.003000
4686 0.003000
4688 0.003000
4689 0.003000
4691 0.003000
4692 0.003000
4694 0.003000
4695 0.003000
4697 0.003000
4698 0.003000
4700 0.003000
4701 0.003000
4703 0.003000
4704 0.003000
4706 0.003000
4707 0.003000
4709 0.003000
4710 0.003000
4712 0.003000
4713 0.003000
4715 0.003000
4716 0.003000
4718 0.003000
4719 0.003000
4721 0.003000
4722 0.003000
4724 0.003000
4725 0.003000
4727 0.003000
4728 0.003000
4730 0.003000
4731 0.003000
4733 0.003000
4734 0.003000
4736 0.003000
4737 0.003000
4739 0.003000
4740 0.003000
4742 0.003000
4743 0.003000
4745 0.003000
4746 0.003000
4748 0.003000
4749 0.003000
4751 0.003000
4752 0.003000
4754 0.003000
4755 0.003000
4757 0.003000
4758 0.003000
4760 0.003000
4761 0.003000
4763 0.003000
4764 0.003000
4766 0.003000
4767 0.003000
4769 0.003000
4770 0.003000
4772 0.003000
4773 0.003000
4775 0.003000
4776 0.003000
4778 0.003000
4779 0.003000
4781 0.003000
4782 0.003000
4784 0.003000
4785 0.003000
4787 0.003000
4788 0.003000
4790 0.003000
4791 0.003000
4793 0.003000
4794 0.003000
4796 0.003000
4797 0.003000
4799 0.003000
4800 0.003000
4802 0.003000
4803 0.003000
4805 0.003000
4806 0.003000
4808 0.003000
4809 0.003000
4811 0.003000
4812 0.003000
4814 0.003000
4815 0.003000
4817 0.003000
4818 0.003000
4820 0.003000
4821 0.003000
4823 0.003000
4824 0.003000
4826 0.003000
4827 0.003000
4829 0.003000
4830 0.003000
4832 0.003000
4833 0.003000
4835 0.003000
4836 0.003000
4838 0.003000
4839 0.003000
4841 0.003000
4842 0.003000
4844 0.003000
4845 0.003000
4847 0.003000
4848 0.003000
4850 0.003000
4851 0.003000
4853 0.003000
4854 0.003000
4856 0.003000
4857 0.003000
4859 0.003000
4860 0.003000
4862 0.003000
4863 0.003000
4865 0.003000
4866 0.003000
4868 0.003000
4869 0.003000
4871 0.003000
4872 0.003000
4874 0.003000
4875 0.003000
4877 0.003000
4878 0.003000
4880 0.003000
4881 0.003000
4883 0.003000
4884 0.003000
4886 0.003000
4887 0.003000
4889 0.003000
4890 0.003000
4892 0.003000
4893 0.003000
4895 0.003000
4896 0.003000
4898 0.003000
4899 0.003000
4901 0.003000
4902 0.003000
4904 0.003000
4905 0.003000
4907 0.003000
4908 0.003000
4910 0.003000
4911 0.003000
4913 0.003000
4914 0.003000
4916 0.003000
4917 0.003000
4919 0.003000
4920 0.003000
4922 0.003000
4923 0.003000
4925 0.003000
4926 0.003000
4928 0.003000
4929 0.003000
4931 0.003000
4932 0.003000
4934 0.003000
4935 0.003000
4937 0.003000
4938 0.003000
4940 0.003000
4941 0.003000
4943 0.003000
4944 0.003000
4946 0.003000
4947 0.003000
4949 0.003000
4950 0.003000
4952 0.003000
4953 0.003000
4955 0.003000
4956 0.003000
4958 0.003000
4959 0.003000
4961 0.003000
4962 0.003000
4964 0.003000
4965 0.003000
4967 0.003000
4968 0.003000
4970 0.003000
4971 0.003000
4973 0.003000
4974 0.003000
4976 0.003000
4977 0.003000
4979 0.003000
4980 0.003000
4982 0.003000
4983 0.003000
4985 0.003000
4986 0.003000
4988 0.003000
4989 0.003000
4991 0.003000
4992 0.003000
4994 0.003000
4995 0.003000
4997 0.003000
4998 0.003000
5000 0.003000
5001 0.003000
5003 0.003000
5004 0.003000
5006 0.003000
5007 0.003000
5009 0.003000
5010 0.003000
5012 0.003000
5013 0.003000
5015 0.003000
5016 0.003000
5018 0.003000
5019 0.003000
5021 0.003000
5022 0.003000
5024 0.003000
5025 0.003000
5027 0.003000
5028 0.003000
5030 0.003000
5031 0.003000
5033 0.003000
5034 0.003000
5036 0.003000
5037 0.003000
5039 0.003000
5040 0.003000
5042 0.003000
5043 0.003000
5045 0.003000
5046 0.003000
5048 0.003000
5049 0.003000
5051 0.003000
5052 0.003000
5054 0.003000
5055 0.003000
5057 0.003000
5058 0.003000
5060 0.003000
5061 0.003000
5063 0.003000
5064 0.003000
5066 0.003000
5067 0.003000
5069 0.003000
5070 0.003000
5072 0.003000
5073 0.003000
5075 0.003000
5076 0.003000
5078 0.003000
5079 0.003000
5081 0.003000
5082 0.003000
5084 0.003000
5085 0.003000
5087 0.003000
5088 0.003000
5090 0.003000
5091 0.003000
5093 0.003000
5094 0.003000
5096 0.003000
5097 0.003000
5099 0.003000
5100 0.003000
5102 0.003000
5103 0.003000
5105 0.003000
5106 0.003000
5108 0.003000
5109 0.003000
5111 0.003000
5112 0.003000
5114 0.003000
5115 0.003000
5117 0.003000
5118 0.003000
5120 0.003000
5121 0.003000
5123 0.003000
5124 0.003000
5126 0.003000
5127 0.003000
5129 0.003000
5130 0.003000
5132 0.003000
5133 0.003000
5135 0.003000
5136 0.003000
5138 0.003000
5139 0.003000
5141 0.003000
5142 0.003000
5144 0.003000
5145 0.003000
5147 0.003000
5148 0.003000
5150 0.003000
5151 0.003000
5153 0.003000
5154 0.003000
5156 0.003000
5157 0.003000
5159 0.003000
5160 0.003000
5162 0.003000
5163 0.003000
5165 0.003000
5166 0.003000
5168 0.003000
5169 0.003000
5171 0.003000
5172 0.003000
5174 0.003000
5175 0.003000
5177 0.003000
5178 0.003000
5180 0.003000
5181 0.003000
5183 0.003000
5184 0.003000
5186 0.003000
5187 0.003000
5189 0.003000
5190 0.003000
5192 0.003000
5193 0.003000
5195 0.003000
5196 0.003000
5198 0.003000
5199 0.003000
5201 0.003000
5202 0.003000
5204 0.003000
5205 0.003000
5207 0.003000
5208 0.003000
5210 0.003000
5211 0.003000
5213 0.003000
5214 0.003000
5216 0.003000
5217 0.003000
5219 0.003000
5220 0.003000
5222 0.003000
5223 0.003000
5225 0.003000
5226 0.003000
5228 0.003000
5229 0.003000
5231 0.003000
5232 0.003000
5234 0.003000
5235 0.003000
5237 0.003000
5238 0.003000
5240 0.003000
5241 0.003000
5243 0.003000
5244 0.003000
5246 0.003000
5247 0.003000
5249 0.003000
5250 0.003000
5252 0.003000
5253 0.003000
5255 0.003000
5256 0.003000
5258 0.003000
5259 0.003000
5261 0.003000
5262 0.003000
5264 0.003000
5265 0.003000
5267 0.003000
5268 0.003000
5270 0.003000
5271 0.003000
5273 0.003000
5274 0.003000
5276 0.003000
5277 0.003000
5279 0.003000
5280 0.003000
5282 0.003000
5283 0.003000
5285 0.003000
5286 0.003000
5288 0.003000
5289 0.003000
5291 0.003000
5292 0.003000
5294 0.003000
5295 0.003000
5297 0.003000
5298 0.003000
5300 0.003000
5301 0.003000
5303 0.003000
5304 0.003000
5306 0.003000
5307 0.003000
5309 0.003000
5310 0.003000
5312 0.003000
5313 0.003000
5315 0.003000
5316 0.003000
5318 0.003000
5319 0.003000
5321 0.003000
5322 0.003000
5324 0.003000
5325 0.003000
5327 0.003000
5328 0.003000
5330 0.003000
5331 0.003000
5333 0.003000
5334 0.003000
5336 0.003000
5337 0.003000
5339 0.003000
5340 0.003000
5342 0.003000
5343 0.003000
5345 0.003000
5346 0.003000
5348 0.003000
5349 0.003000
5351 0.003000
5352 0.003000
5354 0.003000
5355 0.003000
5357 0.003000
5358 0.003000
5360 0.003000
5361 0.003000
5363 0.003000
5364 0.003000
5366 0.003000
5367 0.003000
5369 0.003000
5370 0.003000
5372 0.003000
5373 0.003000
5375 0.003000
5376 0.003000
5378 0.003000
5379 0.003000
5381 0.003000
5382 0.003000
5384 0.003000
5385 0.003000
5387 0.003000
5388 0.003000
5390 0.003000
5391 0.003000
5393 0.003000
5394 0.003000
5396 0.003000
5397 0.003000
5399 0.003000
5400 0.003000
5402 0.003000
5403 0.003000
5405 0.003000
5406 0.003000
5408 0.003000
5409 0.003000
5411 0.003000
5412 0.003000
5414 0.003000
5415 0.003000
5417 0.003000
5418 0.003000
5420 0.003000
5421 0.003000
5423 0.003000
5424 0.003000
5426 0.003000
5427 0.003000
5429 0.003000
5430 0.003000
5432 0.003000
5433 0.003000
5435 0.003000
5436 0.003000
5438 0.003000
5439 0.003000
5441 0.003000
5442 0.003000
5444 0.003000
5445 0.003000
5447 0.003000
5448 0.003000
5450 0.003000
5451 0.003000
5453 0.003000
5454 0.003000
5456 0.003000
5457 0.003000
5459 0.003000
5460 0.003000
5462 0.003000
5463 0.003000
5465 0.003000
5466 0.003000
5468 0.003000
5469 0.003000
5471 0.003000
5472 0.003000
5474 0.003000
5475 0.003000
5477 0.003000
5478 0.003000
5480 0.003000
5481 0.003000
5483 0.003000
5484 0.003000
5486 0.003000
5487 0.003000
5489 0.003000
5490 0.003000
5492 0.003000
5493 0.003000
5495 0.003000
5496 0.003000
5498 0.003000
5499 0.003000
5501 0.003000
5502 0.003000
5504 0.003000
5505 0.003000
5507 0.003000
5508 0.003000
5510 0.003000
5511 0.003000
5513 0.003000
5514 0.003000
5516 0.003000
5517 0.003000
5519 0.003000
5520 0.003000
5522 0.003000
5523 0.003000
5525 0.003000
5526 0.003000
5528 0.003000
5529 0.003000
5531 0.003000
5532 0.003000
5534 0.003000
5535 0.003000
5537 0.003000
5538 0.003000
5540 0.003000
5541 0.003000
5543 0.003000
5544 0.003000
5546 0.003000
5547 0.003000
5549 0.003000
5550 0.003000
5552 0.003000
5553 0.003000
5555 0.003000
5556 0.003000
5558 0.003000
5559 0.003000
5561 0.003000
5562 0.003000
5564 0.003000
5565 0.003000
5567 0.003000
5568 0.003000
5570 0.003000
5571 0.003000
5573 0.003000
5574 0.003000
5576 0.003000
5577 0.003000
5579 0.003000
5580 0.003000
5582 0.003000
5583 0.003000
5585 0.003000
5586 0.003000
5588 0.003000
5589 0.003000
5591 0.003000
5592 0.003000
5594 0.003000
5595 0.003000
5597 0.003000
5598 0.003000
5600 0.003000
5601 0.003000
5603 0.003000
5604 0.003000
5606 0.003000
5607 0.003000
5609 0.003000
5610 0.003000
5612 0.003000
5613 0.003000
5615 0.003000
5616 0.003000
5618 0.003000
5619 0.003000
5621 0.003000
5622 0.003000
5624 0.003000
5625 0.003000
5627 0.003000
5628 0.003000
5630 0.003000
5631 0.003000
5633 0.003000
5634 0.003000
5636 0.003000
5637 0.003000
5639 0.003000
5640 0.003000
5642 0.003000
5643 0.003000
5645 0.003000
5646 0.003000
5648 0.003000
5649 0.003000
5651 0.003000
5652 0.003000
5654 0.003000
5655 0.003000
5657 0.003000
5658 0.003000
5660 0.003000
5661 0.003000
5663 0.003000
5664 0.003000
5666 0.003000
5667 0.003000
5669 0.003000
5670 0.003000
5672 0.003000
5673 0.003000
5675 0.003000
5676 0.003000
5678 0.003000
5679 0.003000
5681 0.003000
5682 0.003000
5684 0.003000
5685 0.003000
5687 0.003000
5688 0.003000
5690 0.003000
5691 0.003000
5693 0.003000
5694 0.003000
5696 0.003000
5697 0.003000
5699 0.003000
5700 0.003000
5702 0.003000
5703 0.003000
5705 0.003000
5706 0.003000
5708 0.003000
5709 0.003000
5711 0.003000
5712 0.003000
5714 0.003000
5715 0.003000
5717 0.003000
5718 0.003000
5720 0.003000
5721 0.003000
5723 0.003000
5724 0.003000
5726 0.003000
5727 0.003000
5729 0.003000
5730 0.003000
5732 0.003000
5733 0.003000
5735 0.003000
5736 0.003000
5738 0.003000
5739 0.003000
5741 0.003000
5742 0.003000
5744 0.003000
5745 0.003000
5747 0.003000
5748 0.003000
5750 0.003000
5751 0.003000
5753 0.003000
5754 0.003000
5756 0.003000
5757 0.003000
5759 0.003000
5760 0.003000
5762 0.003000
5763 0.003000
5765 0.003000
5766 0.003000
5768 0.003000
5769 0.003000
5771 0.003000
5772 0.003000
5774 0.003000
5775 0.003000
5777 0.003000
5778 0.003000
5780 0.003000
5781 0.003000
5783 0.003000
5784 0.003000
5786 0.003000
5787 0.003000
5789 0.003000
5790 0.003000
5792 0.003000
5793 0.003000
5795 0.003000
5796 0.003000
5798 0.003000
5799 0.003000
5801 0.003000
5802 0.003000
5804 0.003000
5805 0.003000
5807 0.003000
5808 0.003000
5810 0.003000
5811 0.003000
5813 0.003000
5814 0.003000
5816 0.003000
5817 0.003000
5819 0.003000
5820 0.003000
5822 0.003000
5823 0.003000
5825 0.003000
5826 0.003000
5828 0.003000
5829 0.003000
5831 0.003000
5832 0.003000
5834 0.003000
5835 0.003000
5837 0.003000
5838 0.003000
5840 0.003000
5841 0.003000
5843 0.003000
5844 0.003000
5846 0.003000
5847 0.003000
5849 0.003000
5850 0.003000
5852 0.003000
5853 0.003000
5855 0.003000
5856 0.003000
5858 0.003000
5859 0.003000
5861 0.003000
5862 0.003000
5864 0.003000
5865 0.003000
5867 0.003000
5868 0.003000
5870 0.003000
5871 0.003000
5873 0.003000
5874 0.003000
5876 0.003000
5877 0.003000
5879 0.003000
5880 0.003000
5882 0.003000
5883 0.003000
5885 0.003000
5886 0.003000
5888 0.003000
5889 0.003000
5891 0.003000
5892 0.003000
5894 0.003000
5895 0.003000
5897 0.003000
5898 0.003000
5900 0.003000
5901 0.003000
5903 0.003000
5904 0.003000
5906 0.003000
5907 0.003000
5909 0.003000
5910 0.003000
5912 0.003000
5913 0.003000
5915 0.003000
5916 0.003000
5918 0.003000
5919 0.003000
5921 0.003000
5922 0.003000
5924 0.003000
5925 0.003000
5927 0.003000
5928 0.003000
5930 0.003000
5931 0.003000
5933 0.003000
5934 0.003000
5936 0.003000
5937 0.003000
5939 0.003000
5940 0.003000
5942 0.003000
5943 0.003000
5945 0.003000
5946 0.003000
5948 0.003000
5949 0.003000
5951 0.003000
5952 0.003000
5954 0.003000
5955 0.003000
5957 0.003000
5958 0.003000
5960 0.003000
5961 0.003000
5963 0.003000
5964 0.003000
5966 0.003000
5967 0.003000
5969 0.003000
5970 0.003000
5972 0.003000
5973 0.003000
5975 0.003000
5976 0.003000
5978 0.003000
5979 0.003000
5981 0.003000
5982 0.003000
5984 0.003000
5985 0.003000
5987 0.003000
5988 0.003000
5990 0.003000
5991 0.003000
5993 0.003000
5994 0.003000
5996 0.003000
5997 0.003000
5999 0.003000
6000 0.003000
6002 0.003000
6003 0.003000
6005 0.003000
6006 0.003000
6008 0.003000
6009 0.003000
6011 0.003000
6012 0.003000
6014 0.003000
6015 0.003000
6017 0.003000
6018 0.003000
6020 0.003000
6021 0.003000
6023 0.003000
6024 0.003000
6026 0.003000
6027 0.003000
6029 0.003000
6030 0.003000
6032 0.003000
6033 0.003000
6035 0.003000
6036 0.003000
6038 0.003000
6039 0.003000
6041 0.003000
6042 0.003000
6044 0.003000
6045 0.003000
6047 0.003000
6048 0.003000
6050 0.003000
6051 0.003000
6053 0.003000
6054 0.003000
6056 0.003000
6057 0.003000
6059 0.003000
6060 0.003000
6062 0.003000
6063 0.003000
6065 0.003000
6066 0.003000
6068 0.003000
6069 0.003000
6071 0.003000
6072 0.003000
6074 0.003000
6075 0.003000
6077 0.003000
6078 0.003000
6080 0.003000
6081 0.003000
6083 0.003000
6084 0.003000
6086 0.003000
6087 0.003000
6089 0.003000
6090 0.003000
6092 0.003000
6093 0.003000
6095 0.003000
6096 0.003000
6098 0.003000
6099 0.003000
6101 0.003000
6102 0.003000
6104 0.003000
6105 0.003000
6107 0.003000
6108 0.003000
6110 0.003000
6111 0.003000
6113 0.003000
6114 0.003000
6116 0.003000
6117 0.003000
6119 0.003000
6120 0.003000
6122 0.003000
6123 0.003000
6125 0.003000
6126 0.003000
6128 0.003000
6129 0.003000
6131 0.003000
6132 0.003000
6134 0.003000
6135 0.003000
6137 0.003000
6138 0.003000
6140 0.003000
6141 0.003000
6143 0.003000
6144 0.003000
6146 0.003000
6147 0.003000
6149 0.003000
6150 0.003000
6152 0.003000
6153 0.003000
6155 0.003000
6156 0.003000
6158 0.003000
6159 0.003000
6161 0.003000
6162 0.003000
6164 0.003000
6165 0.003000
6167 0.003000
6168 0.003000
6170 0.003000
6171 0.003000
6173 0.003000
6174 0.003000
6176 0.003000
6177 0.003000
6179 0.003000
6180 0.003000
6182 0.003000
6183 0.003000
6185 0.003000
6186 0.003000
6188 0.003000
6189 0.003000
6191 0.003000
6192 0.003000
6194 0.003000
6195 0.003000
6197 0.003000
6198 0.003000
6200 0.003000
6201 0.003000
6203 0.003000
6204 0.003000
6206 0.003000
6207 0.003000
6209 0.003000
6210 0.003000
6212 0.003000
6213 0.003000
6215 0.003000
6216 0.003000
6218 0.003000
6219 0.003000
6221 0.003000
6222 0.003000
6224 0.003000
6225 0.003000
6227 0.003000
6228 0.003000
6230 0.003000
6231 0.003000
6233 0.003000
6234 0.003000
6236 0.003000
6237 0.003000
6239 0.003000
6240 0.003000
6242 0.003000
6243 0.003000
6245 0.003000
6246 0.003000
6248 0.003000
6249 0.003000
6251 0.003000
6252 0.003000
6254 0.003000
6255 0.003000
6257 0.003000
6258 0.003000
6260 0.003000
6261 0.003000
6263 0.003000
6264 0.003000
6266 0.003000
6267 0.003000
6269 0.003000
6270 0.003000
6272 0.003000
6273 0.003000
6275 0.003000
6276 0.003000
6278 0.003000
6279 0.003000
6281 0.003000
6282 0.003000
6284 0.003000
6285 0.003000
6287 0.003000
6288 0.003000
6290 0.003000
6291 0.003000
6293 0.003000
6294 0.003000
6296 0.003000
6297 0.003000
6299 0.003000
6300 0.003000
6302 0.003000
6303 0.003000
6305 0.003000
6306 0.003000
6308 0.003000
6309 0.003000
6311 0.003000
6312 0.003000
6314 0.003000
6315 0.003000
6317 0.003000
6318 0.003000
6320 0.003000
6321 0.003000
6323 0.003000
6324 0.003000
6326 0.003000
6327 0.003000
6329 0.003000
6330 0.003000
6332 0.003000
6333 0.003000
6335 0.003000
6336 0.003000
6338 0.003000
6339 0.003000
6341 0.003000
6342 0.003000
6344 0.003000
6345 0.003000
6347 0.003000
6348 0.003000
6350 0.003000
6351 0.003000
6353 0.003000
6354 0.003000
6356 0.003000
6357 0.003000
6359 0.003000
6360 0.003000
6362 0.003000
6363 0.003000
6365 0.003000
6366 0.003000
6368 0.003000
6369 0.003000
6371 0.003000
6372 0.003000
6374 0.003000
6375 0.003000
6377 0.003000
6378 0.003000
6380 0.003000
6381 0.003000
6383 0.003000
6384 0.003000
6386 0.003000
6387 0.003000
6389 0.003000
6390 0.003000
6392 0.003000
6393 0.003000
6395 0.003000
6396 0.003000
6398 0.003000
6399 0.003000
6401 0.003000
6402 0.003000
6404 0.003000
6405 0.003000
6407 0.003000
6408 0.003000
6410 0.003000
6411 0.003000
6413 0.003000
6414 0.003000
6416 0.003000
6417 0.003000
6419 0.003000
6420 0.003000
6422 0.003000
6423 0.003000
6425 0.003000
6426 0.003000
6428 0.003000
6429 0.003000
6431 0.003000
6432 0.003000
6434 0.003000
6435 0.003000
6437 0.003000
6438 0.003000
6440 0.003000
6441 0.003000
6443 0.003000
6444 0.003000
6446 0.003000
6447 0.003000
6449 0.003000
6450 0.003000
6452 0.003000
6453 0.003000
6455 0.003000
6456 0.003000
6458 0.003000
6459 0.003000
6461 0.003000
6462 0.003000
6464 0.003000
6465 0.003000
6467 0.003000
6468 0.003000
6470 0.003000
6471 0.003000
6473 0.003000
6474 0.003000
6476 0.003000
6477 0.003000
6479 0.003000
6480 0.003000
6482 0.003000
6483 0.003000
6485 0.003000
6486 0.003000
6488 0.003000
6489 0.003000
6491 0.003000
6492 0.003000
6494 0.003000
6495 0.003000
6497 0.003000
6498 0.003000
6500 0.003000
6501 0.003000
6503 0.003000
6504 0.003000
6506 0.003000
6507 0.003000
6509 0.003000
6510 0.003000
6512 0.003000
6513 0.003000
6515 0.003000
6516 0.003000
6518 0.003000
6519 0.003000
6521 0.003000
6522 0.003000
6524 0.003000
6525 0.003000
6527 0.003000
6528 0.003000
6530 0.003000
6531 0.003000
6533 0.003000
6534 0.003000
6536 0.003000
6537 0.003000
6539 0.003000
6540 0.003000
6542 0.003000
6543 0.003000
6545 0.003000
6546 0.003000
6548 0.003000
6549 0.003000
6551 0.003000
6552 0.003000
6554 0.003000
6555 0.003000
6557 0.003000
6558 0.003000
6560 0.003000
6561 0.003000
6563 0.003000
6564 0.003000
6566 0.003000
6567 0.003000
6569 0.003000
6570 0.003000
6572 0.003000
6573 0.003000
6575 0.003000
6576 0.003000
6578 0.003000
6579 0.003000
6581 0.003000
6582 0.003000
6584 0.003000
6585 0.003000
6587 0.003000
6588 0.003000
6590 0.003000
6591 0.003000
6593 0.003000
6594 0.003000
6596 0.003000
6597 0.003000
6599 0.003000
6600 0.003000
6602 0.003000
6603 0.003000
6605 0.003000
6606 0.003000
6608 0.003000
6609 0.003000
6611 0.003000
6612 0.003000
6614 0.003000
6615 0.003000
6617 0.003000
6618 0.003000
6620 0.003000
6621 0.003000
6623 0.003000
6624 0.003000
6626 0.003000
6627 0.003000
6629 0.003000
6630 0.003000
6632 0.003000
6633 0.003000
6635 0.003000
6636 0.003000
6638 0.003000
6639 0.003000
6641 0.003000
6642 0.003000
6644 0.003000
6645 0.003000
6647 0.003000
6648 0.003000
6650 0.003000
6651 0.003000
6653 0.003000
6654 0.003000
6656 0.003000
6657 0.003000
6659 0.003000
6660 0.003000
6662 0.003000
6663 0.003000
6665 0.003000
6666 0.003000
6668 0.003000
6669 0.003000
6671 0.003000
6672 0.003000
6674 0.003000
6675 0.003000
6677 0.003000
6678 0.003000
6680 0.003000
6681 0.003000
6683 0.003000
6684 0.003000
6686 0.003000
6687 0.003000
6689 0.003000
6690 0.003000
6692 0.003000
6693 0.003000
6695 0.003000
6696 0.003000
6698 0.003000
6699 0.003000
6701 0.003000
6702 0.003000
6704 0.003000
6705 0.003000
6707 0.003000
6708 0.003000
6710 0.003000
6711 0.003000
6713 0.003000
6714 0.003000
6716 0.003000
6717 0.003000
6719 0.003000
6720 0.003000
6722 0.003000
6723 0.003000
6725 0.003000
6726 0.003000
6728 0.003000
6729 0.003000
6731 0.003000
6732 0.003000
6734 0.003000
6735 0.003000
6737 0.003000
6738 0.003000
6740 0.003000
6741 0.003000
6743 0.003000
6744 0.003000
6746 0.003000
6747 0.003000
6749 0.003000
6750 0.003000
6752 0.003000
6753 0.003000
6755 0.003000
6756 0.003000
6758 0.003000
6759 0.003000
6761 0.003000
6762 0.003000
6764 0.003000
6765 0.003000
6767 0.003000
6768 0.003000
6770 0.003000
6771 0.003000
6773 0.003000
6774 0.003000
6776 0.003000
6777 0.003000
6779 0.003000
6780 0.003000
6782 0.003000
6783 0.003000
6785 0.003000
6786 0.003000
6788 0.003000
6789 0.003000
6791 0.003000
6792 0.003000
6794 0.003000
6795 0.003000
6797 0.003000
6798 0.003000
6800 0.003000
6801 0.003000
6803 0.003000
6804 0.003000
6806 0.003000
6807 0.003000
6809 0.003000
6810 0.003000
6812 0.003000
6813 0.003000
6815 0.003000
6816 0.003000
6818 0.003000
6819 0.003000
6821 0.003000
6822 0.003000
6824 0.003000
6825 0.003000
6827 0.003000
6828 0.003000
6830 0.003000
6831 0.003000
6833 0.003000
6834 0.003000
6836 0.003000
6837 0.003000
6839 0.003000
6840 0.003000
6842 0.003000
6843 0.003000
6845 0.003000
6846 0.003000
6848 0.003000
6849 0.003000
6851 0.003000
6852 0.003000
6854 0.003000
6855 0.003000
6857 0.003000
6858 0.003000
6860 0.003000
6861 0.003000
6863 0.003000
6864 0.003000
6866 0.003000
6867 0.003000
6869 0.003000
6870 0.003000
6872 0.003000
6873 0.003000
6875 0.003000
6876 0.003000
6878 0.003000
6879 0.003000
6881 0.003000
6882 0.003000
6884 0.003000
6885 0.003000
6887 0.003000
6888 0.003000
6890 0.003000
6891 0.003000
6893 0.003000
6894 0.003000
6896 0.003000
6897 0.003000
6899 0.003000
6900 0.003000
6902 0.003000
6903 0.003000
6905 0.003000
6906 0.003000
6908 0.003000
6909 0.003000
6911 0.003000
6912 0.003000
6914 0.003000
6915 0.003000
6917 0.003000
6918 0.003000
6920 0.003000
6921 0.003000
6923 0.003000
6924 0.003000
6926 0.003000
6927 0.003000
6929 0.003000
6930 0.003000
6932 0.003000
6933 0.003000
6935 0.003000
6936 0.003000
6938 0.003000
6939 0.003000
6941 0.003000
6942 0.003000
6944 0.003000
6945 0.003000
6947 0.003000
6948 0.003000
6950 0.003000
6951 0.003000
6953 0.003000
6954 0.003000
6956 0.003000
6957 0.003000
6959 0.003000
6960 0.003000
6962 0.003000
6963 0.003000
6965 0.003000
6966 0.003000
6968 0.003000
6969 0.003000
6971 0.003000
6972 0.003000
6974 0.003000
6975 0.003000
6977 0.003000
6978 0.003000
6980 0.003000
6981 0.003000
6983 0.003000
6984 0.003000
6986 0.003000
6987 0.003000
6989 0.003000
6990 0.003000
6992 0.003000
6993 0.003000
6995 0.003000
6996 0.003000
6998 0.003000
6999 0.003000
7001 0.003000
7002 0.003000
7004 0.003000
7005 0.003000
7007 0.003000
7008 0.003000
7010 0.003000
7011 0.003000
7013 0.003000
7014 0.003000
7016 0.003000
7017 0.003000
7019 0.003000
7020 0.003000
7022 0.003000
7023 0.003000
7025 0.003000
7026 0.003000
7028 0.003000
7029 0.003000
7031 0.003000
7032 0.003000
7034 0.003000
7035 0.003000
7037 0.003000
7038 0.003000
7040 0.003000
7041 0.003000
7043 0.003000
7044 0.003000
7046 0.003000
7047 0.003000
7049 0.003000
7050 0.003000
7052 0.003000
7053 0.003000
7055 0.003000
7056 0.003000
7058 0.003000
7059 0.003000
7061 0.003000
7062 0.003000
7064 0.003000
7065 0.003000
7067 0.003000
7068 0.003000
7070 0.003000
7071 0.003000
7073 0.003000
7074 0.003000
7076 0.003000
7077 0.003000
7079 0.003000
7080 0.003000
7082 0.003000
7083 0.003000
7085 0.003000
7086 0.003000
7088 0.003000
7089 0.003000
7091 0.003000
7092 0.003000
7094 0.003000
7095 0.003000
7097 0.003000
7098 0.003000
7100 0.003000
7101 0.003000
7103 0.003000
7104 0.003000
7106 0.003000
7107 0.003000
7109 0.003000
7110 0.003000
7112 0.003000
7113 0.003000
7115 0.003000
7116 0.003000
7118 0.003000
7119 0.003000
7121 0.003000
7122 0.003000
7124 0.003000
7125 0.003000
7127 0.003000
7128 0.003000
7130 0.003000
7131 0.003000
7133 0.003000
7134 0.003000
7136 0.003000
7137 0.003000
7139 0.003000
7140 0.003000
7142 0.003000
7143 0.003000
7145 0.003000
7146 0.003000
7148 0.003000
7149 0.003000
7151 0.003000
7152 0.003000
7154 0.003000
7155 0.003000
7157 0.003000
7158 0.003000
7160 0.003000
7161 0.003000
7163 0.003000
7164 0.003000
7166 0.003000
7167 0.003000
7169 0.003000
7170 0.003000
7172 0.003000
7173 0.003000
7175 0.003000
7176 0.003000
7178 0.003000
7179 0.003000
7181 0.003000
7182 0.003000
7184 0.003000
7185 0.003000
7187 0.003000
7188 0.003000
7190 0.003000
7191 0.003000
7193 0.003000
7194 0.003000
7196 0.003000
7197 0.003000
7199 0.003000
7200 0.003000
7202 0.003000
7203 0.003000
7205 0.003000
7206 0.003000
7208 0.003000
7209 0.003000
7211 0.003000
7212 0.003000
7214 0.003000
7215 0.003000
7217 0.003000
7218 0.003000
7220 0.003000
7221 0.003000
7223 0.003000
7224 0.003000
7226 0.003000
7227 0.003000
7229 0.003000
7230 0.003000
7232 0.003000
7233 0.003000
7235 0.003000
7236 0.003000
7238 0.003000
7239 0.003000
7241 0.003000
7242 0.003000
7244 0.003000
7245 0.003000
7247 0.003000
7248 0.003000
7250 0.003000
7251 0.003000
7253 0.003000
7254 0.003000
7256 0.003000
7257 0.003000
7259 0.003000
7260 0.003000
7262 0.003000
7263 0.003000
7265 0.003000
7266 0.003000
7268 0.003000
7269 0.003000
7271 0.003000
7272 0.003000
7274 0.003000
7275 0.003000
7277 0.003000
7278 0.003000
7280 0.003000
7281 0.003000
7283 0.003000
7284 0.003000
7286 0.003000
7287 0.003000
7289 0.003000
7290 0.003000
7292 0.003000
7293 0.003000
7295 0.003000
7296 0.003000
7298 0.003000
7299 0.003000
7301 0.003000
7302 0.003000
7304 0.003000
7305 0.003000
7307 0.003000
7308 0.003000
7310 0.003000
7311 0.003000
7313 0.003000
7314 0.003000
7316 0.003000
7317 0.003000
7319 0.003000
7320 0.003000
7322 0.003000
7323 0.003000
7325 0.003000
7326 0.003000
7328 0.003000
7329 0.003000
7331 0.003000
7332 0.003000
7334 0.003000
7335 0.003000
7337 0.003000
7338 0.003000
7340 0.003000
7341 0.003000
7343 0.003000
7344 0.003000
7346 0.003000
7347 0.003000
7349 0.003000
7350 0.003000
7352 0.003000
7353 0.003000
7355 0.003000
7356 0.003000
7358 0.003000
7359 0.003000
7361 0.003000
7362 0.003000
7364 0.003000
7365 0.003000
7367 0.003000
7368 0.003000
7370 0.003000
7371 0.003000
7373 0.003000
7374 0.003000
7376 0.003000
7377 0.003000
7379 0.003000
7380 0.003000
7382 0.003000
7383 0.003000
7385 0.003000
7386 0.003000
7388 0.003000
7389 0.003000
7391 0.003000
7392 0.003000
7394 0.003000
7395 0.003000
7397 0.003000
7398 0.003000
7400 0.003000
7401 0.003000
7403 0.003000
7404 0.003000
7406 0.003000
7407 0.003000
7409 0.003000
7410 0.003000
7412 0.003000
7413 0.003000
7415 0.003000
7416 0.003000
7418 0.003000
7419 0.003000
7421 0.003000
7422 0.003000
7424 0.003000
7425 0.003000
7427 0.003000
7428 0.003000
7430 0.003000
7431 0.003000
7433 0.003000
7434 0.003000
7436 0.003000
7437 0.003000
7439 0.003000
7440 0.003000
7442 0.003000
7443 0.003000
7445 0.003000
7446 0.003000
7448 0.003000
7449 0.003000
7451 0.003000
7452 0.003000
7454 0.003000
7455 0.003000
7457 0.003000
7458 0.003000
7460 0.003000
7461 0.003000
7463 0.003000
7464 0.003000
7466 0.003000
7467 0.003000
7469 0.003000
7470 0.003000
7472 0.003000
7473 0.003000
7475 0.003000
7476 0.003000
7478 0.003000
7479 0.003000
7481 0.003000
7482 0.003000
7484 0.003000
7485 0.003000
7487 0.003000
7488 0.003000
7490 0.003000
7491 0.003000
7493 0.003000
7494 0.003000
7496 0.003000
7497 0.003000
7499 0.003000
7500 0.003000
7502 0.003000
7503 0.003000
7505 0.003000
7506 0.003000
7508 0.003000
7509 0.003000
7511 0.003000
7512 0.003000
7514 0.003000
7515 0.003000
7517 0.003000
7518 0.003000
7520 0.003000
7521 0.003000
7523 0.003000
7524 0.003000
7526 0.003000
7527 0.003000
7529 0.003000
7530 0.003000
7532 0.003000
7533 0.003000
7535 0.003000
7536 0.003000
7538 0.003000
7539 0.003000
7541 0.003000
7542 0.003000
7544 0.003000
7545 0.003000
7547 0.003000
7548 0.003000
7550 0.003000
7551 0.003000
7553 0.003000
7554 0.003000
7556 0.003000
7557 0.003000
7559 0.003000
7560 0.003000
7562 0.003000
7563 0.003000
7565 0.003000
7566 0.003000
7568 0.003000
7569 0.003000
7571 0.003000
7572 0.003000
7574 0.003000
7575 0.003000
7577 0.003000
7578 0.003000
7580 0.003000
7581 0.003000
7583 0.003000
7584 0.003000
7586 0.003000
7587 0.003000
7589 0.003000
7590 0.003000
7592 0.003000
7593 0.003000
7595 0.003000
7596 0.003000
7598 0.003000
7599 0.003000
7601 0.003000
7602 0.003000
7604 0.003000
7605 0.003000
7607 0.003000
7608 0.003000
7610 0.003000
7611 0.003000
7613 0.003000
7614 0.003000
7616 0.003000
7617 0.003000
7619 0.003000
7620 0.003000
7622 0.003000
7623 0.003000
7625 0.003000
7626 0.003000
7628 0.003000
7629 0.003000
7631 0.003000
7632 0.003000
7634 0.003000
7635 0.003000
7637 0.003000
7638 0.003000
7640 0.003000
7641 0.003000
7643 0.003000
7644 0.003000
7646 0.003000
7647 0.003000
7649 0.003000
7650 0.003000
7652 0.003000
7653 0.003000
7655 0.003000
7656 0.003000
7658 0.003000
7659 0.003000
7661 0.003000
7662 0.003000
7664 0.003000
7665 0.003000
7667 0.003000
7668 0.003000
7670 0.003000
7671 0.003000
7673 0.003000
7674 0.003000
7676 0.003000
7677 0.003000
7679 0.003000
7680 0.003000
7682 0.003000
7683 0.003000
7685 0.003000
7686 0.003000
7688 0.003000
7689 0.003000
7691 0.003000
7692 0.003000
7694 0.003000
7695 0.003000
7697 0.003000
7698 0.003000
7700 0.003000
7701 0.003000
7703 0.003000
7704 0.003000
7706 0.003000
7707 0.003000
7709 0.003000
7710 0.003000
7712 0.003000
7713 0.003000
7715 0.003000
7716 0.003000
7718 0.003000
7719 0.003000
7721 0.003000
7722 0.003000
7724 0.003000
7725 0.003000
7727 0.003000
7728 0.003000
7730 0.003000
7731 0.003000
7733 0.003000
7734 0.003000
7736 0.003000
7737 0.003000
7739 0.003000
7740 0.003000
7742 0.003000
7743 0.003000
7745 0.003000
7746 0.003000
7748 0.003000
7749 0.003000
7751 0.003000
7752 0.003000
7754 0.003000
7755 0.003000
7757 0.003000
