1 0.000000
4 0.000000
26 0.151787
47 0.150162
71 0.152734
72 0.002013
73 0.001677
74 0.001677
75 0.001677
104 0.145025
105 0.001677
106 0.002254
107 0.001677
108 0.001677
109 0.001677
110 0.001677
112 0.002012
140 0.141280
141 0.001677
142 0.001677
143 0.001677
144 0.001677
145 0.002012
146 0.001677
149 0.001677
150 0.001677
151 0.001677
153 0.001676
187 0.134896
188 0.001677
191 0.012323
192 0.001677
193 0.001677
194 0.001677
221 0.132969
222 0.001677
223 0.001677
226 0.010646
227 0.002000
228 0.002000
229 0.001677
256 0.132323
258 0.004000
259 0.001677
260 0.001677
261 0.001677
263 0.006969
264 0.001677
265 0.002392
266 0.001677
293 0.134254
294 0.001677
295 0.002323
296 0.001677
298 0.006323
299 0.001677
300 0.001677
302 0.002013
303 0.001677
329 0.132956
330 0.001677
331 0.002323
332 0.001677
334 0.006323
335 0.001677
337 0.002323
338 0.001677
339 0.001677
340 0.001677
341 0.001677
342 0.001676
371 0.129616
372 0.001677
374 0.002323
375 0.001677
377 0.006323
378 0.001677
379 0.002323
380 0.001677
381 0.001677
382 0.001677
383 0.002013
385 0.001676
386 0.001677
414 0.127603
415 0.002013
417 0.001987
418 0.001677
420 0.006323
421 0.001677
422 0.002323
423 0.002013
425 0.001677
426 0.001677
427 0.001677
428 0.001676
429 0.001677
430 0.001677
461 0.123926
462 0.001677
463 0.002323
464 0.001677
466 0.006323
467 0.001677
468 0.002323
469 0.002013
471 0.001987
472 0.001677
473 0.001677
474 0.001677
475 0.002013
477 0.001676
478 0.001677
509 0.121603
510 0.001677
511 0.002323
512 0.001677
514 0.006323
515 0.001677
517 0.002323
518 0.001677
519 0.002323
520 0.001677
521 0.002392
522 0.001677
524 0.001677
525 0.001677
526 0.001677
527 0.001676
528 0.001677
529 0.001677
562 0.118193
563 0.001677
564 0.002323
565 0.002013
567 0.005987
568 0.002013
570 0.001987
571 0.001677
572 0.002323
573 0.002013
575 0.001987
576 0.001677
577 0.002323
578 0.001677
579 0.002013
581 0.001677
582 0.001677
584 0.001676
585 0.001677
617 0.115603
618 0.001677
620 0.002323
621 0.001677
623 0.006323
624 0.001677
625 0.002323
626 0.001677
628 0.002323
629 0.001677
630 0.002323
631 0.001677
633 0.002323
634 0.001677
635 0.001677
637 0.001677
638 0.001677
640 0.002012
641 0.001677
674 0.113603
675 0.002013
677 0.001987
678 0.001677
680 0.006323
681 0.001677
682 0.002323
683 0.001677
685 0.002323
686 0.001677
687 0.002323
688 0.001677
690 0.002323
691 0.001677
692 0.002323
693 0.001677
694 0.001677
695 0.002013
698 0.001677
701 0.001676
702 0.001677
735 0.111603
736 0.001677
737 0.002323
738 0.001677
740 0.006323
741 0.001677
743 0.002323
744 0.001677
745 0.002323
746 0.001677
748 0.002323
749 0.001677
750 0.002323
751 0.001677
754 0.002323
755 0.001677
757 0.002323
758 0.001677
759 0.001677
760 0.001677
761 0.002013
805 0.108892
809 0.026064
810 0.002000
811 0.002000
814 0.002013
815 0.001987
817 0.002000
818 0.002000
820 0.002013
821 0.001677
822 0.001677
858 0.134633
859 0.001677
860 0.001677
862 0.002013
863 0.001677
865 0.001676
866 0.001677
868 0.001677
869 0.001677
871 0.002013
872 0.001676
873 0.001677
907 0.132883
908 0.002000
910 0.002013
911 0.002987
912 0.001677
913 0.001677
915 0.001677
916 0.002013
919 0.001676
920 0.001677
921 0.001677
922 0.001677
956 0.131249
957 0.001677
959 0.002323
960 0.001677
961 0.003323
962 0.001677
965 0.002013
966 0.001677
967 0.001677
968 0.001676
970 0.001677
971 0.001677
973 0.002013
1007 0.128913
1008 0.001677
1010 0.002323
1011 0.001677
1013 0.003323
1014 0.002013
1017 0.001987
1018 0.001677
1019 0.001677
1020 0.001677
1021 0.001677
1023 0.002012
1024 0.001677
1025 0.001677
1026 0.001677
1068 0.125249
1070 0.002013
1071 0.001923
1077 0.016064
1078 0.002000
1079 0.002000
1080 0.002069
1082 0.001677
1115 0.124323
1116 0.001931
1122 0.018000
1123 0.001677
1124 0.001677
1125 0.001677
1126 0.001677
1129 0.002012
1130 0.001677
1163 0.123603
1164 0.001677
1170 0.018323
1171 0.001677
1173 0.002013
1174 0.001677
1175 0.001677
1176 0.001676
1177 0.001677
1178 0.001677
1218 0.119862
1228 0.026064
1229 0.001677
1230 0.001677
1232 0.002013
1233 0.001677
1264 0.144956
1265 0.001677
1266 0.001677
1267 0.002013
1269 0.001677
1271 0.001676
1272 0.001677
1297 0.143603
1298 0.002013
1300 0.001987
1301 0.001677
1302 0.001677
1303 0.001677
1304 0.001677
1335 0.141228
1336 0.006064
1337 0.002069
1339 0.001677
1340 0.001677
1367 0.146577
1368 0.002013
1370 0.001677
1374 0.005005
1375 0.001677
1403 0.141628
1405 0.002013
1406 0.001987
1411 0.007005
1412 0.001677
1439 0.139318
1440 0.002000
1441 0.002000
1445 0.007000
1446 0.002000
1475 0.139000
1476 0.002000
1477 0.002000
1482 0.008135
1483 0.001677
1511 0.138188
1512 0.002000
1513 0.002000
1519 0.009700
1520 0.001676
1549 0.136624
1550 0.002000
1551 0.002000
1557 0.011600
1559 0.001677
1586 0.134723
1587 0.002000
1588 0.002000
1595 0.012000
1596 0.002000
1613 0.073682
1624 0.060254
1625 0.002000
1627 0.002133
1634 0.012997
1635 0.001677
1663 0.133257
1664 0.001677
1673 0.017323
1674 0.002013
1699 0.132987
1700 0.002013
1701 0.001677
1712 0.016200
1713 0.001677
1714 0.001677
1715 0.001677
1741 0.129079
1742 0.001677
1751 0.016323
1752 0.001677
1753 0.002323
1754 0.002013
1780 0.127987
1781 0.001677
1782 0.001677
1791 0.014646
1792 0.001677
1794 0.002392
1795 0.001677
1821 0.128254
1822 0.001677
1823 0.002323
1824 0.002013
1825 0.001677
1836 0.012310
1837 0.002013
1839 0.001987
1840 0.001677
1870 0.128323
1871 0.001677
1873 0.002323
1874 0.001677
1875 0.001677
1882 0.010646
1883 0.002013
1885 0.001677
1886 0.001677
1918 0.134633
1919 0.002000
1922 0.010000
1923 0.002000
1924 0.002000
1939 0.136000
1940 0.001677
1941 0.001677
1942 0.001677
1943 0.006969
1944 0.001677
1945 0.002323
1946 0.001677
1951 0.136323
1952 0.001677
1953 0.001677
1954 0.001677
1955 0.001677
1956 0.005292
1957 0.001677
1958 0.002323
1959 0.001677
1964 0.136323
1965 0.001677
1966 0.001677
1967 0.001677
1968 0.001677
1969 0.001676
1970 0.001677
1971 0.001677
1972 0.002262
1973 0.001677
1979 0.136323
1980 0.001677
1981 0.002323
1982 0.001677
1983 0.001677
1984 0.001677
1985 0.001677
1986 0.001676
1987 0.001677
1988 0.001677
1989 0.001677
1996 0.134585
1997 0.001677
1998 0.002323
1999 0.001677
2000 0.002323
2001 0.001677
2002 0.001677
2003 0.001677
2004 0.001677
2005 0.001676
2006 0.001677
2007 0.001677
2008 0.001677
2009 0.001677
2017 0.130908
2018 0.001677
2019 0.002323
2020 0.001677
2021 0.002323
2022 0.001677
2023 0.001677
2024 0.001677
2025 0.001969
2026 0.001677
2027 0.001677
2028 0.001677
2029 0.001677
2030 0.001676
2031 0.001677
2039 0.128939
2040 0.001677
2041 0.002323
2042 0.001677
2043 0.002323
2044 0.001677
2045 0.001677
2046 0.001677
2047 0.001969
2048 0.001677
2049 0.001677
2050 0.001677
2051 0.001677
2052 0.001676
2053 0.001677
2062 0.126939
2063 0.001677
2064 0.002323
2065 0.001677
2066 0.002323
2067 0.001677
2068 0.002323
2069 0.001677
2070 0.001677
2071 0.001677
2072 0.001969
2073 0.001677
2074 0.001677
2075 0.001677
2076 0.001677
2077 0.001676
2078 0.001677
2079 0.001677
2089 0.123262
2090 0.001677
2091 0.002323
2092 0.001677
2093 0.002323
2094 0.001677
2095 0.002323
2096 0.001677
2097 0.001677
2098 0.001677
2099 0.001969
2100 0.001677
2101 0.001677
2102 0.001677
2103 0.001677
2104 0.001676
2105 0.001677
2106 0.001677
2107 0.001677
2117 0.121585
2118 0.001677
2119 0.002323
2120 0.001677
2121 0.002323
2122 0.001677
2123 0.002323
2124 0.001677
2125 0.001677
2126 0.001677
2127 0.001969
2128 0.001677
2129 0.001677
2130 0.001677
2131 0.001677
2132 0.001676
2133 0.001677
2134 0.001677
2135 0.001677
2136 0.001677
2147 0.117908
2148 0.001677
2149 0.002323
2150 0.001677
2151 0.002323
2152 0.001677
2153 0.002323
2154 0.001677
2155 0.002323
2156 0.001677
2157 0.001677
2158 0.001677
2159 0.001969
2160 0.001677
2161 0.001677
2162 0.001677
2163 0.001677
2164 0.001676
2165 0.001677
2166 0.001677
2167 0.001677
2179 0.115585
2180 0.001677
2181 0.002323
2182 0.001677
2183 0.002323
2184 0.001677
2185 0.002323
2186 0.001677
2187 0.002323
2188 0.001677
2189 0.002323
2190 0.001677
2191 0.001677
2192 0.001677
2193 0.001969
2194 0.001677
2195 0.001677
2196 0.001677
2197 0.001677
2198 0.001676
2199 0.001677
2200 0.001677
2201 0.001677
2202 0.001677
2215 0.111908
2216 0.001677
2217 0.002323
2218 0.001677
2219 0.002323
2220 0.001677
2221 0.002323
2222 0.001677
2223 0.002323
2224 0.001677
2225 0.002323
2226 0.001677
2227 0.001677
2228 0.001677
2229 0.001969
2230 0.001677
2231 0.001677
2232 0.001677
2233 0.001969
2234 0.001677
2235 0.001677
2236 0.001677
2237 0.001677
2238 0.001676
2239 0.001677
2252 0.109939
2253 0.001677
2254 0.002323
2255 0.001677
2256 0.002323
2257 0.001677
2258 0.002323
2259 0.001677
2260 0.002323
2261 0.001677
2262 0.002323
2263 0.001677
2264 0.001677
2265 0.001677
2266 0.001969
2267 0.001677
2268 0.001677
2269 0.001677
2270 0.001969
2271 0.001677
2272 0.001677
2273 0.001677
2274 0.001677
2275 0.001676
2276 0.001677
2277 0.001677
2291 0.106262
2292 0.001677
2293 0.002323
2294 0.001677
2295 0.002323
2296 0.001677
2297 0.002323
2298 0.001677
2299 0.002323
2300 0.001677
2301 0.002323
2302 0.001677
2303 0.002323
2304 0.001677
2305 0.001677
2306 0.001677
2307 0.001969
2308 0.001677
2309 0.001677
2310 0.001677
2311 0.001969
2312 0.001677
2313 0.001677
2314 0.001677
2315 0.001677
2316 0.001676
2317 0.001677
2332 0.103939
2333 0.001677
2334 0.002323
2335 0.001677
2336 0.002323
2337 0.001677
2338 0.002323
2339 0.001677
2340 0.002323
2341 0.001677
2342 0.002323
2343 0.001677
2344 0.002323
2345 0.001677
2346 0.002323
2347 0.001677
2348 0.001677
2349 0.001677
2350 0.001969
2351 0.001677
2352 0.001677
2353 0.001677
2354 0.001969
2355 0.001677
2356 0.001677
2357 0.001677
2358 0.001677
2359 0.001676
2360 0.001677
2375 0.101939
2376 0.001677
2377 0.002323
2378 0.001677
2379 0.002323
2380 0.001677
2381 0.002323
2382 0.001677
2383 0.002323
2384 0.001677
2385 0.002323
2386 0.001677
2387 0.002323
2388 0.001677
2389 0.002323
2390 0.001677
2391 0.001677
2392 0.001677
2393 0.001969
2394 0.001677
2395 0.001677
2396 0.001677
2397 0.001969
2398 0.001677
2399 0.001677
2400 0.001677
2401 0.001677
2402 0.001676
2403 0.001677
2404 0.001677
2420 0.098262
2421 0.001677
2422 0.002323
2423 0.001677
2424 0.002323
2425 0.001677
2426 0.002323
2427 0.001677
2428 0.002323
2429 0.001677
2430 0.002323
2431 0.001677
2432 0.002323
2433 0.001677
2434 0.002323
2435 0.001677
2436 0.002323
2437 0.001677
2438 0.001677
2439 0.001677
2440 0.001969
2441 0.001677
2442 0.001677
2443 0.001677
2444 0.001969
2445 0.001677
2446 0.001677
2447 0.001677
2448 0.001677
2449 0.001676
2450 0.001677
2467 0.095939
2468 0.001677
2469 0.002323
2470 0.001677
2471 0.002323
2472 0.001677
2473 0.002323
2474 0.001677
2475 0.002323
2476 0.001677
2477 0.002323
2478 0.001677
2479 0.002323
2480 0.001677
2481 0.002323
2482 0.001677
2483 0.002323
2484 0.001677
2485 0.002323
2486 0.001677
2487 0.001677
2488 0.001677
2489 0.001969
2490 0.001677
2491 0.001677
2492 0.001677
2493 0.001969
2494 0.001677
2495 0.001677
2496 0.001677
2497 0.001677
2498 0.001676
2499 0.001677
2500 0.001677
2518 0.092262
2519 0.001677
2520 0.002323
2521 0.001677
2522 0.002323
2523 0.001677
2524 0.002323
2525 0.001677
2526 0.002323
2527 0.001677
2528 0.002323
2529 0.001677
2530 0.002323
2531 0.001677
2532 0.002323
2533 0.001677
2534 0.002323
2535 0.001677
2536 0.002323
2537 0.001677
2538 0.001677
2539 0.001677
2540 0.001969
2541 0.001677
2542 0.001677
2543 0.001677
2544 0.001969
2545 0.001677
2546 0.001677
2547 0.001677
2548 0.001677
2549 0.001676
2550 0.001677
2551 0.001677
2552 0.001677
2570 0.090585
2571 0.001677
2572 0.002323
2573 0.001677
2574 0.002323
2575 0.001677
2576 0.002323
2577 0.001677
2578 0.002323
2579 0.001677
2580 0.002323
2581 0.001677
2582 0.002323
2583 0.001677
2584 0.002323
2585 0.001677
2586 0.002323
2587 0.001677
2588 0.002323
2589 0.001677
2590 0.001677
2591 0.001677
2592 0.001969
2593 0.001677
2594 0.001677
2595 0.001677
2596 0.001969
2597 0.001677
2598 0.001677
2599 0.001677
2600 0.001677
2601 0.001676
2602 0.001677
2603 0.001677
2604 0.001677
2605 0.001677
2624 0.086908
2625 0.001677
2626 0.002323
2627 0.001677
2628 0.002323
2629 0.001677
2630 0.002323
2631 0.001677
2632 0.002323
2633 0.001677
2634 0.002323
2635 0.001677
2636 0.002323
2637 0.001677
2638 0.002323
2639 0.001677
2640 0.002323
2641 0.001677
2642 0.002323
2643 0.001677
2644 0.002323
2645 0.001677
2646 0.001677
2647 0.001677
2648 0.001969
2649 0.001677
2650 0.001677
2651 0.001677
2652 0.001969
2653 0.001677
2654 0.001677
2655 0.001677
2656 0.001677
2657 0.001676
2658 0.001677
2659 0.001677
2660 0.001677
2680 0.084585
2681 0.001677
2682 0.002323
2683 0.001677
2684 0.002323
2685 0.001677
2686 0.002323
2687 0.001677
2688 0.002323
2689 0.001677
2690 0.002323
2691 0.001677
2692 0.002323
2693 0.001677
2694 0.002323
2695 0.001677
2696 0.002323
2697 0.001677
2698 0.002323
2699 0.001677
2700 0.002323
2701 0.001677
2702 0.002323
2703 0.001677
2704 0.001677
2705 0.001677
2706 0.001969
2707 0.001677
2708 0.001677
2709 0.001677
2710 0.001969
2711 0.001677
2712 0.001677
2713 0.001677
2714 0.001677
2715 0.001676
2716 0.001677
2717 0.001677
2718 0.001677
2719 0.001677
2740 0.080908
2741 0.001677
2742 0.002323
2743 0.001677
2744 0.002323
2745 0.001677
2746 0.002323
2747 0.001677
2748 0.002323
2749 0.001677
2750 0.002323
2751 0.001677
2752 0.002323
2753 0.001677
2754 0.002323
2755 0.001677
2756 0.002323
2757 0.001677
2758 0.002323
2759 0.001677
2760 0.002323
2761 0.001677
2762 0.002323
2763 0.001677
2764 0.001677
2765 0.001677
2766 0.001969
2767 0.001677
2768 0.001677
2769 0.001677
2770 0.001969
2771 0.001677
2772 0.001677
2773 0.001677
2774 0.001677
2775 0.001676
2776 0.001677
2777 0.001677
2778 0.001677
2779 0.001677
2780 0.001676
2801 0.079232
2802 0.001677
2803 0.002323
2804 0.001677
2805 0.002323
2806 0.001677
2807 0.002323
2808 0.001677
2809 0.002323
2810 0.001677
2811 0.002323
2812 0.001677
2813 0.002323
2814 0.001677
2815 0.002323
2816 0.001677
2817 0.002323
2818 0.001677
2819 0.002323
2820 0.001677
2821 0.002323
2822 0.001677
2823 0.002323
2824 0.001677
2825 0.001677
2826 0.001677
2827 0.001969
2828 0.001677
2829 0.001677
2830 0.001677
2831 0.001969
2832 0.001677
2833 0.001677
2834 0.001677
2835 0.001969
2836 0.001677
2837 0.001677
2838 0.001677
2839 0.001677
2840 0.001676
2841 0.001677
2863 0.076939
2864 0.001677
2865 0.002323
2866 0.001677
2867 0.002323
2868 0.001677
2869 0.002323
2870 0.001677
2871 0.002323
2872 0.001677
2873 0.002323
2874 0.001677
2875 0.002323
2876 0.001677
2877 0.002323
2878 0.001677
2879 0.002323
2880 0.001677
2881 0.002323
2882 0.001677
2883 0.002323
2884 0.001677
2885 0.002323
2886 0.001677
2887 0.002323
2888 0.001677
2889 0.001677
2890 0.001677
2891 0.001969
2892 0.001677
2893 0.001677
2894 0.001677
2895 0.001969
2896 0.001677
2897 0.001677
2898 0.001677
2899 0.001969
2900 0.001677
2901 0.001677
2902 0.001677
2903 0.001677
2904 0.001676
2905 0.001677
2906 0.001677
2927 0.073262
2928 0.001677
2931 0.002323
2932 0.001677
2933 0.002323
2934 0.001677
2935 0.002323
2936 0.001677
2937 0.002323
2938 0.001677
2939 0.002323
2940 0.001677
2941 0.002323
2942 0.001677
2943 0.002323
2944 0.001677
2945 0.002323
2946 0.001677
2947 0.002323
2948 0.001677
2949 0.002323
2950 0.001677
2951 0.002323
2952 0.001677
2953 0.002323
2954 0.001677
2955 0.001677
2956 0.001677
2957 0.001969
2958 0.001677
2959 0.001677
2960 0.001677
2961 0.001969
2962 0.001677
2963 0.001677
2964 0.001677
2965 0.001969
2966 0.001677
2967 0.001677
2968 0.001677
2969 0.001677
2970 0.001676
2971 0.001677
2973 0.001677
2974 0.001677
2994 0.071585
2995 0.001677
2998 0.002323
2999 0.001677
3000 0.002323
3001 0.001677
3002 0.002323
3003 0.001677
3004 0.002323
3005 0.001677
3006 0.002323
3007 0.001677
3008 0.002323
3009 0.001677
3010 0.002323
3011 0.001677
3012 0.002323
3013 0.001677
3014 0.002323
3015 0.001677
3016 0.002323
3017 0.001677
3018 0.002323
3019 0.001677
3020 0.002323
3021 0.001677
3022 0.001677
3023 0.001677
3024 0.001969
3025 0.001677
3026 0.001677
3027 0.001677
3028 0.001969
3029 0.001677
3030 0.001677
3031 0.001677
3032 0.001969
3033 0.001677
3034 0.001677
3035 0.001677
3036 0.001677
3037 0.001676
3038 0.001677
3039 0.001677
3041 0.001677
3042 0.001677
3062 0.067908
3063 0.001677
3066 0.002323
3067 0.001677
3069 0.002323
3070 0.001677
3071 0.002323
3072 0.001677
3073 0.002323
3074 0.001677
3075 0.002323
3076 0.001677
3077 0.002323
3078 0.001677
3079 0.002323
3080 0.001677
3081 0.002323
3082 0.001677
3083 0.002323
3084 0.001677
3085 0.002323
3086 0.001677
3087 0.002323
3088 0.001677
3089 0.002323
3090 0.001677
3091 0.002323
3092 0.001677
3093 0.001677
3094 0.001677
3095 0.001969
3096 0.001677
3097 0.001677
3098 0.001677
3099 0.001969
3100 0.001677
3101 0.001677
3102 0.001677
3103 0.001969
3104 0.001677
3105 0.001677
3106 0.001677
3107 0.001677
3109 0.001676
3110 0.001677
3112 0.001677
3113 0.001677
3132 0.065585
3133 0.001677
3135 0.002323
3136 0.001677
3139 0.002323
3140 0.001677
3142 0.002323
3143 0.001677
3144 0.002323
3145 0.001677
3146 0.002323
3147 0.001677
3148 0.002323
3149 0.001677
3150 0.002323
3151 0.001677
3152 0.002323
3153 0.001677
3154 0.002323
3155 0.001677
3156 0.002323
3157 0.001677
3158 0.002323
3159 0.001677
3160 0.002323
3161 0.001677
3162 0.002323
3163 0.001677
3164 0.002323
3165 0.001677
3166 0.001677
3167 0.001677
3168 0.001969
3169 0.001677
3170 0.001677
3171 0.001677
3172 0.001969
3173 0.001677
3174 0.001677
3175 0.001677
3176 0.001969
3177 0.001677
3179 0.001677
3180 0.001677
3181 0.001677
3182 0.001676
3184 0.001677
3185 0.001677
3186 0.001677
3187 0.001677
3206 0.061908
3207 0.001677
3209 0.002323
3210 0.001677
3212 0.002323
3213 0.001677
3216 0.002323
3217 0.001677
3219 0.002323
3220 0.001677
3221 0.002323
3222 0.001677
3223 0.002323
3224 0.001677
3225 0.002323
3226 0.001677
3227 0.002323
3228 0.001677
3229 0.002323
3230 0.001677
3231 0.002323
3232 0.001677
3233 0.002323
3234 0.001677
3235 0.002323
3236 0.001677
3237 0.002323
3238 0.001677
3239 0.002323
3240 0.001677
3241 0.001677
3242 0.001677
3243 0.001969
3244 0.001677
3245 0.001677
3246 0.001677
3247 0.001969
3248 0.001677
3249 0.001677
3250 0.001677
3251 0.001969
3252 0.001677
3254 0.001677
3255 0.001677
3256 0.001677
3258 0.001676
3259 0.001677
3261 0.001677
3262 0.001677
3263 0.001677
3264 0.001676
3282 0.060232
3283 0.001677
3285 0.002323
3286 0.001677
3288 0.002323
3289 0.001677
3292 0.002323
3293 0.001677
3295 0.002323
3296 0.001677
3297 0.002323
3298 0.001677
3299 0.002323
3300 0.001677
3301 0.002323
3302 0.001677
3303 0.002323
3304 0.001677
3305 0.002323
3306 0.001677
3307 0.002323
3308 0.001677
3309 0.002323
3310 0.001677
3311 0.002323
3312 0.001677
3313 0.002323
3314 0.001677
3315 0.002323
3316 0.001677
3317 0.001677
3318 0.001677
3319 0.001969
3320 0.001677
3321 0.001677
3322 0.001677
3323 0.001969
3324 0.001677
3325 0.001677
3326 0.001677
3327 0.001969
3328 0.001677
3330 0.001677
3331 0.001677
3332 0.001677
3333 0.001676
3335 0.001677
3336 0.001677
3338 0.001677
3339 0.001677
3341 0.001676
3342 0.001677
3359 0.056555
3360 0.001677
3362 0.002323
3363 0.001677
3365 0.002323
3366 0.001677
3369 0.002323
3370 0.001677
3372 0.002323
3373 0.001677
3375 0.002323
3376 0.001677
3377 0.002323
3378 0.001677
3379 0.002323
3380 0.001677
3381 0.002323
3382 0.001677
3383 0.002323
3384 0.001677
3385 0.002323
3386 0.001677
3387 0.002323
3388 0.001677
3389 0.002323
3390 0.001677
3391 0.002323
3392 0.001677
3393 0.002323
3394 0.001677
3395 0.002323
3396 0.001677
3397 0.001677
3398 0.001677
3399 0.001969
3400 0.001677
3401 0.001677
3402 0.001677
3403 0.001969
3404 0.001677
3406 0.001677
3407 0.001677
3408 0.001969
3409 0.001677
3411 0.001677
3412 0.001677
3413 0.001677
3415 0.001676
3416 0.001677
3418 0.001677
3419 0.001677
3421 0.001677
3422 0.001676
3438 0.054232
3439 0.001677
3441 0.002323
3442 0.001677
3444 0.002323
3445 0.001677
3447 0.002323
3448 0.001677
3451 0.002323
3452 0.001677
3454 0.002323
3455 0.001677
3457 0.002323
3458 0.001677
3459 0.002323
3460 0.001677
3461 0.002323
3462 0.001677
3463 0.002323
3464 0.001677
3465 0.002323
3466 0.001677
3467 0.002323
3468 0.001677
3469 0.002323
3470 0.001677
3471 0.002323
3472 0.001677
3473 0.002323
3474 0.001677
3475 0.002323
3476 0.001677
3477 0.002323
3478 0.001677
3479 0.001677
3480 0.001677
3481 0.001969
3482 0.001677
3483 0.001677
3484 0.001677
3485 0.001969
3486 0.001677
3488 0.001677
3489 0.001677
3491 0.001969
3492 0.001677
3494 0.001677
3495 0.001677
3496 0.001677
3498 0.001676
3499 0.001677
3500 0.001677
3501 0.001677
3503 0.001677
3504 0.001676
3520 0.052232
3521 0.001677
3523 0.002323
3524 0.001677
3526 0.002323
3527 0.001677
3529 0.002323
3530 0.001677
3532 0.002323
3533 0.001677
3536 0.002323
3537 0.001677
3539 0.002323
3540 0.001677
3541 0.002323
3542 0.001677
3543 0.002323
3544 0.001677
3545 0.002323
3546 0.001677
3547 0.002323
3548 0.001677
3549 0.002323
3550 0.001677
3551 0.002323
3552 0.001677
3553 0.002323
3554 0.001677
3555 0.002323
3556 0.001677
3557 0.002323
3558 0.001677
3559 0.002323
3560 0.001677
3561 0.001677
3562 0.001677
3563 0.001969
3564 0.001677
3565 0.001677
3566 0.001677
3568 0.001969
3569 0.001677
3571 0.001677
3572 0.001677
3573 0.001969
3574 0.001677
3576 0.001677
3577 0.001677
3579 0.001969
3580 0.001677
3581 0.001677
3582 0.001677
3584 0.001677
3585 0.001676
3587 0.001677
3588 0.001677
3603 0.048262
3604 0.001677
3606 0.002323
3607 0.001677
3609 0.002323
3610 0.001677
3612 0.002323
3613 0.001677
3615 0.002323
3616 0.001677
3618 0.002323
3619 0.001677
3622 0.002323
3623 0.001677
3625 0.002323
3626 0.001677
3627 0.002323
3628 0.001677
3629 0.002323
3630 0.001677
3631 0.002323
3632 0.001677
3633 0.002323
3634 0.001677
3635 0.002323
3636 0.001677
3637 0.002323
3638 0.001677
3639 0.002323
3640 0.001677
3641 0.002323
3642 0.001677
3643 0.002323
3644 0.001677
3645 0.002323
3646 0.001677
3647 0.001677
3648 0.001677
3649 0.001969
3650 0.001677
3652 0.001677
3653 0.001677
3655 0.001969
3656 0.001677
3658 0.001677
3659 0.001677
3660 0.001969
3661 0.001677
3663 0.001677
3664 0.001677
3666 0.001969
3667 0.001677
3668 0.001677
3670 0.001677
3671 0.001677
3673 0.001676
3674 0.001677
3688 0.045939
3689 0.001677
3691 0.002323
3692 0.001677
3694 0.002323
3695 0.001677
3697 0.002323
3698 0.001677
3700 0.002323
3701 0.001677
3703 0.002323
3704 0.001677
3706 0.002323
3707 0.001677
3710 0.002323
3711 0.001677
3713 0.002323
3714 0.001677
3715 0.002323
3716 0.001677
3717 0.002323
3718 0.001677
3719 0.002323
3720 0.001677
3721 0.002323
3722 0.001677
3723 0.002323
3724 0.001677
3725 0.002323
3726 0.001677
3727 0.002323
3728 0.001677
3729 0.002323
3730 0.001677
3731 0.002323
3732 0.001677
3733 0.002323
3734 0.001677
3735 0.001677
3736 0.001677
3737 0.001969
3738 0.001677
3740 0.001677
3741 0.001677
3743 0.001969
3744 0.001677
3746 0.001677
3747 0.001677
3749 0.001969
3750 0.001677
3752 0.001677
3753 0.001677
3755 0.001969
3756 0.001677
3757 0.001677
3758 0.001677
3760 0.001677
3761 0.001676
3762 0.001677
3763 0.001677
3776 0.042262
3777 0.001677
3780 0.002323
3781 0.001677
3783 0.002323
3784 0.001677
3786 0.002323
3787 0.001677
3789 0.002323
3790 0.001677
3792 0.002323
3793 0.001677
3795 0.002323
3796 0.001677
3798 0.002323
3799 0.001677
3802 0.002323
3803 0.001677
3805 0.002323
3806 0.001677
3807 0.002323
3808 0.001677
3809 0.002323
3810 0.001677
3811 0.002323
3812 0.001677
3813 0.002323
3814 0.001677
3815 0.002323
3816 0.001677
3817 0.002323
3818 0.001677
3819 0.002323
3820 0.001677
3821 0.002323
3822 0.001677
3823 0.002323
3824 0.001677
3825 0.001677
3826 0.001677
3828 0.001969
3829 0.001677
3830 0.001677
3831 0.001677
3833 0.001969
3834 0.001677
3836 0.001677
3837 0.001677
3839 0.001969
3840 0.001677
3842 0.001677
3843 0.001677
3845 0.001969
3846 0.001677
3847 0.001677
3849 0.001677
3850 0.001677
3851 0.001676
3852 0.001677
3854 0.001677
3855 0.001677
3867 0.040585
3868 0.001677
3871 0.002323
3872 0.001677
3874 0.002323
3875 0.001677
3877 0.002323
3878 0.001677
3880 0.002323
3881 0.001677
3883 0.002323
3884 0.001677
3886 0.002323
3887 0.001677
3889 0.002323
3890 0.001677
3893 0.002323
3894 0.001677
3896 0.002323
3897 0.001677
3898 0.002323
3899 0.001677
3900 0.002323
3901 0.001677
3902 0.002323
3903 0.001677
3904 0.002323
3905 0.001677
3906 0.002323
3907 0.001677
3908 0.002323
3909 0.001677
3910 0.002323
3911 0.001677
3912 0.002323
3913 0.001677
3914 0.002323
3915 0.001677
3916 0.001677
3917 0.001677
3919 0.001969
3920 0.001677
3922 0.001677
3923 0.001677
3925 0.001969
3926 0.001677
3928 0.001677
3929 0.001677
3930 0.001969
3931 0.001677
3933 0.001677
3934 0.001677
3936 0.001969
3937 0.001677
3939 0.001677
3940 0.001677
3941 0.001677
3942 0.001676
3944 0.001677
3945 0.001677
3947 0.001677
3948 0.001677
3959 0.036908
3960 0.001677
3963 0.002323
3964 0.001677
3966 0.002323
3967 0.001677
3969 0.002323
3970 0.001677
3972 0.002323
3973 0.001677
3975 0.002323
3976 0.001677
3978 0.002323
3979 0.001677
3981 0.002323
3982 0.001677
3985 0.002323
3986 0.001677
3988 0.002323
3989 0.001677
3991 0.002323
3992 0.001677
3993 0.002323
3994 0.001677
3995 0.002323
3996 0.001677
3997 0.002323
3998 0.001677
3999 0.002323
4000 0.001677
4001 0.002323
4002 0.001677
4003 0.002323
4004 0.001677
4005 0.002323
4006 0.001677
4007 0.002323
4008 0.001677
4009 0.002323
4010 0.001677
4012 0.001677
4013 0.001677
4015 0.001969
4016 0.001677
4018 0.001677
4019 0.001677
4021 0.001969
4022 0.001677
4024 0.001677
4025 0.001677
4026 0.001969
4027 0.001677
4029 0.001677
4030 0.001677
4032 0.001969
4033 0.001677
4035 0.001677
4036 0.001677
4037 0.001677
4039 0.001676
4040 0.001677
4042 0.001677
4043 0.001677
4053 0.034585
4054 0.001677
4056 0.002323
4057 0.001677
4060 0.002323
4061 0.001677
4063 0.002323
4064 0.001677
4066 0.002323
4067 0.001677
4069 0.002323
4070 0.001677
4072 0.002323
4073 0.001677
4075 0.002323
4076 0.001677
4078 0.002323
4079 0.001677
4082 0.002323
4083 0.001677
4085 0.002323
4086 0.001677
4088 0.002323
4089 0.001677
4090 0.002323
4091 0.001677
4092 0.002323
4093 0.001677
4094 0.002323
4095 0.001677
4096 0.002323
4097 0.001677
4098 0.002323
4099 0.001677
4100 0.002323
4101 0.001677
4102 0.002323
4103 0.001677
4104 0.002323
4105 0.001677
4107 0.002323
4108 0.001677
4110 0.001677
4111 0.001677
4112 0.001969
4113 0.001677
4115 0.001677
4116 0.001677
4118 0.001969
4119 0.001677
4121 0.001677
4122 0.001677
4124 0.001969
4125 0.001677
4127 0.001677
4128 0.001677
4130 0.001969
4131 0.001677
4133 0.001677
4134 0.001677
4135 0.001677
4136 0.001676
4138 0.001677
4139 0.001677
4149 0.034262
4150 0.001677
4152 0.002323
4153 0.001677
4155 0.002323
4156 0.001677
4159 0.002323
4160 0.001677
4162 0.002323
4163 0.001677
4165 0.002323
4166 0.001677
4168 0.002323
4169 0.001677
4171 0.002323
4172 0.001677
4174 0.002323
4175 0.001677
4177 0.002323
4178 0.001677
4181 0.002323
4182 0.001677
4184 0.002323
4185 0.001677
4186 0.002323
4187 0.001677
4188 0.002323
4189 0.001677
4190 0.002323
4191 0.001677
4192 0.002323
4193 0.001677
4194 0.002323
4195 0.001677
4196 0.002323
4197 0.001677
4198 0.002323
4199 0.001677
4200 0.002323
4201 0.001677
4203 0.002323
4204 0.001677
4206 0.001677
4207 0.001677
4209 0.001969
4210 0.001677
4211 0.001677
4212 0.001677
4214 0.001969
4215 0.001677
4217 0.001677
4218 0.001677
4220 0.001969
4221 0.001677
4223 0.001677
4224 0.001677
4226 0.001969
4227 0.001677
4229 0.001677
4230 0.001677
4231 0.001969
4232 0.001677
4234 0.001677
4235 0.001677
4245 0.033969
4246 0.001677
4248 0.002323
4249 0.001677
4251 0.002323
4252 0.001677
4255 0.002323
4256 0.001677
4258 0.002323
4259 0.001677
4261 0.002323
4262 0.001677
4264 0.002323
4265 0.001677
4267 0.002323
4268 0.001677
4270 0.002323
4271 0.001677
4273 0.002323
4274 0.001677
4277 0.002323
4278 0.001677
4280 0.002323
4281 0.001677
4282 0.002323
4283 0.001677
4284 0.002323
4285 0.001677
4286 0.002323
4287 0.001677
4288 0.002323
4289 0.001677
4290 0.002323
4291 0.001677
4292 0.002323
4293 0.001677
4294 0.002323
4295 0.001677
4296 0.002323
4297 0.001677
4299 0.002323
4300 0.001677
4302 0.001677
4303 0.001677
4305 0.001969
4306 0.001677
4307 0.001677
4308 0.001677
4310 0.001969
4311 0.001677
4313 0.001677
4314 0.001677
4316 0.001969
4317 0.001677
4319 0.001677
4320 0.001677
4322 0.001969
4323 0.001677
4325 0.001677
4326 0.001677
4328 0.001969
4329 0.001677
4330 0.001677
4331 0.001677
4341 0.033969
4342 0.001677
4344 0.002323
4345 0.001677
4347 0.002323
4348 0.001677
4351 0.002323
4352 0.001677
4354 0.002323
4355 0.001677
4357 0.002323
4358 0.001677
4360 0.002323
4361 0.001677
4363 0.002323
4364 0.001677
4366 0.002323
4367 0.001677
4369 0.002323
4370 0.001677
4373 0.002323
4374 0.001677
4376 0.002323
4377 0.001677
4378 0.002323
4379 0.001677
4380 0.002323
4381 0.001677
4382 0.002323
4383 0.001677
4384 0.002323
4385 0.001677
4386 0.002323
4387 0.001677
4388 0.002323
4389 0.001677
4390 0.002323
4391 0.001677
4392 0.002323
4393 0.001677
4395 0.002323
4396 0.001677
4398 0.001677
4399 0.001677
4401 0.001969
4402 0.001677
4403 0.001677
4404 0.001677
4406 0.001969
4407 0.001677
4409 0.001677
4410 0.001677
4412 0.001969
4413 0.001677
4415 0.001677
4416 0.001677
4418 0.001969
4419 0.001677
4421 0.001677
4422 0.001677
4424 0.001969
4425 0.001677
4426 0.001677
4427 0.001677
4437 0.033969
4438 0.001677
4440 0.002323
4441 0.001677
4443 0.002323
4444 0.001677
4447 0.002323
4448 0.001677
4450 0.002323
4451 0.001677
4453 0.002323
4454 0.001677
4456 0.002323
4457 0.001677
4459 0.002323
4460 0.001677
4462 0.002323
4463 0.001677
4465 0.002323
4466 0.001677
4469 0.002323
4470 0.001677
4472 0.002323
4473 0.001677
4474 0.002323
4475 0.001677
4476 0.002323
4477 0.001677
4478 0.002323
4479 0.001677
4480 0.002323
4481 0.001677
4482 0.002323
4483 0.001677
4484 0.002323
4485 0.001677
4486 0.002323
4487 0.001677
4488 0.002323
4489 0.001677
4491 0.002323
4492 0.001677
4494 0.001677
4495 0.001677
4497 0.001969
4498 0.001677
4499 0.001677
4500 0.001677
4502 0.001969
4503 0.001677
4505 0.001677
4506 0.001677
4508 0.001969
4509 0.001677
4511 0.001677
4512 0.001677
4514 0.001969
4515 0.001677
4517 0.001677
4518 0.001677
4520 0.001969
4521 0.001677
4522 0.001677
4523 0.001677
4533 0.033969
4534 0.001677
4536 0.002323
4537 0.001677
4539 0.002323
4540 0.001677
4543 0.002323
4544 0.001677
4546 0.002323
4547 0.001677
4549 0.002323
4550 0.001677
4552 0.002323
4553 0.001677
4555 0.002323
4556 0.001677
4558 0.002323
4559 0.001677
4561 0.002323
4562 0.001677
4565 0.002323
4566 0.001677
4568 0.002323
4569 0.001677
4570 0.002323
4571 0.001677
4572 0.002323
4573 0.001677
4574 0.002323
4575 0.001677
4576 0.002323
4577 0.001677
4578 0.002323
4579 0.001677
4580 0.002323
4581 0.001677
4582 0.002323
4583 0.001677
4584 0.002323
4585 0.001677
4587 0.002323
4588 0.001677
4590 0.001677
4591 0.001677
4593 0.001969
4594 0.001677
4595 0.001677
4596 0.001677
4598 0.001969
4599 0.001677
4601 0.001677
4602 0.001677
4604 0.001969
4605 0.001677
4607 0.001677
4608 0.001677
4610 0.001969
4611 0.001677
4613 0.001677
4614 0.001677
4616 0.001969
4617 0.001677
4618 0.001677
4619 0.001677
4629 0.033969
4630 0.001677
4632 0.002323
4633 0.001677
4635 0.002323
4636 0.001677
4639 0.002323
4640 0.001677
4642 0.002323
4643 0.001677
4645 0.002323
4646 0.001677
4648 0.002323
4649 0.001677
4651 0.002323
4652 0.001677
4654 0.002323
4655 0.001677
4657 0.002323
4658 0.001677
4661 0.002323
4662 0.001677
4664 0.002323
4665 0.001677
4666 0.002323
4667 0.001677
4668 0.002323
4669 0.001677
4670 0.002323
4671 0.001677
4672 0.002323
4673 0.001677
4674 0.002323
4675 0.001677
4676 0.002323
4677 0.001677
4678 0.002323
4679 0.001677
4680 0.002323
4681 0.001677
4683 0.002323
4684 0.001677
4686 0.001677
4687 0.001677
4689 0.001969
4690 0.001677
4691 0.001677
4692 0.001677
4694 0.001969
4695 0.001677
4697 0.001677
4698 0.001677
4700 0.001969
4701 0.001677
4703 0.001677
4704 0.001677
4706 0.001969
4707 0.001677
4709 0.001677
4710 0.001677
4712 0.001969
4713 0.001677
4714 0.001677
4715 0.001677
4725 0.033969
4726 0.001677
4728 0.002323
4729 0.001677
4731 0.002323
4732 0.001677
4735 0.002323
4736 0.001677
4738 0.002323
4739 0.001677
4741 0.002323
4742 0.001677
4744 0.002323
4745 0.001677
4747 0.002323
4748 0.001677
4750 0.002323
4751 0.001677
4753 0.002323
4754 0.001677
4757 0.002323
4758 0.001677
4760 0.002323
4761 0.001677
4762 0.002323
4763 0.001677
4764 0.002323
4765 0.001677
4766 0.002323
4767 0.001677
4768 0.002323
4769 0.001677
4770 0.002323
4771 0.001677
4772 0.002323
4773 0.001677
4774 0.002323
4775 0.001677
4776 0.002323
4777 0.001677
4779 0.002323
4780 0.001677
4782 0.001677
4783 0.001677
4785 0.001969
4786 0.001677
4787 0.001677
4788 0.001677
4790 0.001969
4791 0.001677
4793 0.001677
4794 0.001677
4796 0.001969
4797 0.001677
4799 0.001677
4800 0.001677
4802 0.001969
4803 0.001677
4805 0.001677
4806 0.001677
4808 0.001969
4809 0.001677
4810 0.001677
4811 0.001677
4821 0.033969
4822 0.001677
4824 0.002323
4825 0.001677
4827 0.002323
4828 0.001677
4831 0.002323
4832 0.001677
4834 0.002323
4835 0.001677
4837 0.002323
4838 0.001677
4840 0.002323
4841 0.001677
4843 0.002323
4844 0.001677
4846 0.002323
4847 0.001677
4849 0.002323
4850 0.001677
4853 0.002323
4854 0.001677
4856 0.002323
4857 0.001677
4858 0.002323
4859 0.001677
4860 0.002323
4861 0.001677
4862 0.002323
4863 0.001677
4864 0.002323
4865 0.001677
4866 0.002323
4867 0.001677
4868 0.002323
4869 0.001677
4870 0.002323
4871 0.001677
4872 0.002323
4873 0.001677
4875 0.002323
4876 0.001677
4878 0.001677
4879 0.001677
4881 0.001969
4882 0.001677
4883 0.001677
4884 0.001677
4886 0.001969
4887 0.001677
4889 0.001677
4890 0.001677
4892 0.001969
4893 0.001677
4895 0.001677
4896 0.001677
4898 0.001969
4899 0.001677
4901 0.001677
4902 0.001677
4904 0.001969
4905 0.001677
4906 0.001677
4907 0.001677
4917 0.033969
4918 0.001677
4920 0.002323
4921 0.001677
4923 0.002323
4924 0.001677
4927 0.002323
4928 0.001677
4930 0.002323
4931 0.001677
4933 0.002323
4934 0.001677
4936 0.002323
4937 0.001677
4939 0.002323
4940 0.001677
4942 0.002323
4943 0.001677
4945 0.002323
4946 0.001677
4949 0.002323
4950 0.001677
4952 0.002323
4953 0.001677
4954 0.002323
4955 0.001677
4956 0.002323
4957 0.001677
4958 0.002323
4959 0.001677
4960 0.002323
4961 0.001677
4962 0.002323
4963 0.001677
4964 0.002323
4965 0.001677
4966 0.002323
4967 0.001677
4968 0.002323
4969 0.001677
4971 0.002323
4972 0.001677
4974 0.001677
4975 0.001677
4977 0.001969
4978 0.001677
4979 0.001677
4980 0.001677
4982 0.001969
4983 0.001677
4985 0.001677
4986 0.001677
4988 0.001969
4989 0.001677
4991 0.001677
4992 0.001677
4994 0.001969
4995 0.001677
4997 0.001677
4998 0.001677
5000 0.001969
5001 0.001677
5002 0.001677
5003 0.001677
5013 0.033969
5014 0.001677
5016 0.002323
5017 0.001677
5019 0.002323
5020 0.001677
5023 0.002323
5024 0.001677
5026 0.002323
5027 0.001677
5029 0.002323
5030 0.001677
5032 0.002323
5033 0.001677
5035 0.002323
5036 0.001677
5038 0.002323
5039 0.001677
5041 0.002323
5042 0.001677
5045 0.002323
5046 0.001677
5048 0.002323
5049 0.001677
5050 0.002323
5051 0.001677
5052 0.002323
5053 0.001677
5054 0.002323
5055 0.001677
5056 0.002323
5057 0.001677
5058 0.002323
5059 0.001677
5060 0.002323
5061 0.001677
5062 0.002323
5063 0.001677
5064 0.002323
5065 0.001677
5067 0.002323
5068 0.001677
5070 0.001677
5071 0.001677
5073 0.001969
5074 0.001677
5075 0.001677
5076 0.001677
5078 0.001969
5079 0.001677
5081 0.001677
5082 0.001677
5084 0.001969
5085 0.001677
5087 0.001677
5088 0.001677
5090 0.001969
5091 0.001677
5093 0.001677
5094 0.001677
5096 0.001969
5097 0.001677
5098 0.001677
5099 0.001677
5109 0.033969
5110 0.001677
5112 0.002323
5113 0.001677
5115 0.002323
5116 0.001677
5119 0.002323
5120 0.001677
5122 0.002323
5123 0.001677
5125 0.002323
5126 0.001677
5128 0.002323
5129 0.001677
5131 0.002323
5132 0.001677
5134 0.002323
5135 0.001677
5137 0.002323
5138 0.001677
5141 0.002323
5142 0.001677
5144 0.002323
5145 0.001677
5146 0.002323
5147 0.001677
5148 0.002323
5149 0.001677
5150 0.002323
5151 0.001677
5152 0.002323
5153 0.001677
5154 0.002323
5155 0.001677
5156 0.002323
5157 0.001677
5158 0.002323
5159 0.001677
5160 0.002323
5161 0.001677
5163 0.002323
5164 0.001677
5166 0.001677
5167 0.001677
5169 0.001969
5170 0.001677
5171 0.001677
5172 0.001677
5174 0.001969
5175 0.001677
5177 0.001677
5178 0.001677
5180 0.001969
5181 0.001677
5183 0.001677
5184 0.001677
5186 0.001969
5187 0.001677
5189 0.001677
5190 0.001677
5192 0.001969
5193 0.001677
5194 0.001677
5195 0.001677
5205 0.033969
5206 0.001677
5208 0.002323
5209 0.001677
5211 0.002323
5212 0.001677
5215 0.002323
5216 0.001677
5218 0.002323
5219 0.001677
5221 0.002323
5222 0.001677
5224 0.002323
5225 0.001677
5227 0.002323
5228 0.001677
5230 0.002323
5231 0.001677
5233 0.002323
5234 0.001677
5237 0.002323
5238 0.001677
5240 0.002323
5241 0.001677
5242 0.002323
5243 0.001677
5244 0.002323
5245 0.001677
5246 0.002323
5247 0.001677
5248 0.002323
5249 0.001677
5250 0.002323
5251 0.001677
5252 0.002323
5253 0.001677
5254 0.002323
5255 0.001677
5256 0.002323
5257 0.001677
5259 0.002323
5260 0.001677
5262 0.001677
5263 0.001677
5265 0.001969
5266 0.001677
5267 0.001677
5268 0.001677
5270 0.001969
5271 0.001677
5273 0.001677
5274 0.001677
5276 0.001969
5277 0.001677
5279 0.001677
5280 0.001677
5282 0.001969
5283 0.001677
5285 0.001677
5286 0.001677
5288 0.001969
5289 0.001677
5290 0.001677
5291 0.001677
5301 0.033969
5302 0.001677
5304 0.002323
5305 0.001677
5307 0.002323
5308 0.001677
5311 0.002323
5312 0.001677
5314 0.002323
5315 0.001677
5317 0.002323
5318 0.001677
5320 0.002323
5321 0.001677
5323 0.002323
5324 0.001677
5326 0.002323
5327 0.001677
5329 0.002323
5330 0.001677
5333 0.002323
5334 0.001677
5336 0.002323
5337 0.001677
5338 0.002323
5339 0.001677
5340 0.002323
5341 0.001677
5342 0.002323
5343 0.001677
5344 0.002323
5345 0.001677
5346 0.002323
5347 0.001677
5348 0.002323
5349 0.001677
5350 0.002323
5351 0.001677
5352 0.002323
5353 0.001677
5355 0.002323
5356 0.001677
5358 0.001677
5359 0.001677
5361 0.001969
5362 0.001677
5363 0.001677
5364 0.001677
5366 0.001969
5367 0.001677
5369 0.001677
5370 0.001677
5372 0.001969
5373 0.001677
5375 0.001677
5376 0.001677
5378 0.001969
5379 0.001677
5381 0.001677
5382 0.001677
5384 0.001969
5385 0.001677
5386 0.001677
5387 0.001677
5397 0.033969
5398 0.001677
5400 0.002323
5401 0.001677
5403 0.002323
5404 0.001677
5407 0.002323
5408 0.001677
5410 0.002323
5411 0.001677
5413 0.002323
5414 0.001677
5416 0.002323
5417 0.001677
5419 0.002323
5420 0.001677
5422 0.002323
5423 0.001677
5425 0.002323
5426 0.001677
5429 0.002323
5430 0.001677
5432 0.002323
5433 0.001677
5434 0.002323
5435 0.001677
5436 0.002323
5437 0.001677
5438 0.002323
5439 0.001677
5440 0.002323
5441 0.001677
5442 0.002323
5443 0.001677
5444 0.002323
5445 0.001677
5446 0.002323
5447 0.001677
5448 0.002323
5449 0.001677
5451 0.002323
5452 0.001677
5454 0.001677
5455 0.001677
5457 0.001969
5458 0.001677
5459 0.001677
5460 0.001677
5462 0.001969
5463 0.001677
5465 0.001677
5466 0.001677
5468 0.001969
5469 0.001677
5471 0.001677
5472 0.001677
5474 0.001969
5475 0.001677
5477 0.001677
5478 0.001677
5480 0.001969
5481 0.001677
5482 0.001677
5483 0.001677
5493 0.033969
5494 0.001677
5496 0.002323
5497 0.001677
5499 0.002323
5500 0.001677
5503 0.002323
5504 0.001677
5506 0.002323
5507 0.001677
5509 0.002323
5510 0.001677
5512 0.002323
5513 0.001677
5515 0.002323
5516 0.001677
5518 0.002323
5519 0.001677
5521 0.002323
5522 0.001677
5525 0.002323
5526 0.001677
5528 0.002323
5529 0.001677
5530 0.002323
5531 0.001677
5532 0.002323
5533 0.001677
5534 0.002323
5535 0.001677
5536 0.002323
5537 0.001677
5538 0.002323
5539 0.001677
5540 0.002323
5541 0.001677
5542 0.002323
5543 0.001677
5544 0.002323
5545 0.001677
5547 0.002323
5548 0.001677
5550 0.001677
5551 0.001677
5553 0.001969
5554 0.001677
5555 0.001677
5556 0.001677
5558 0.001969
5559 0.001677
5561 0.001677
5562 0.001677
5564 0.001969
5565 0.001677
5567 0.001677
5568 0.001677
5570 0.001969
5571 0.001677
5573 0.001677
5574 0.001677
5576 0.001969
5577 0.001677
5578 0.001677
5579 0.001677
5589 0.033969
5590 0.001677
5592 0.002323
5593 0.001677
5595 0.002323
5596 0.001677
5599 0.002323
5600 0.001677
5602 0.002323
5603 0.001677
5605 0.002323
5606 0.001677
5608 0.002323
5609 0.001677
5611 0.002323
5612 0.001677
5614 0.002323
5615 0.001677
5617 0.002323
5618 0.001677
5621 0.002323
5622 0.001677
5624 0.002323
5625 0.001677
5626 0.002323
5627 0.001677
5628 0.002323
5629 0.001677
5630 0.002323
5631 0.001677
5632 0.002323
5633 0.001677
5634 0.002323
5635 0.001677
5636 0.002323
5637 0.001677
5638 0.002323
5639 0.001677
5640 0.002323
5641 0.001677
5643 0.002323
5644 0.001677
5646 0.001677
5647 0.001677
5649 0.001969
5650 0.001677
5651 0.001677
5652 0.001677
5654 0.001969
5655 0.001677
5657 0.001677
5658 0.001677
5660 0.001969
5661 0.001677
5663 0.001677
5664 0.001677
5666 0.001969
5667 0.001677
5669 0.001677
5670 0.001677
5672 0.001969
5673 0.001677
5674 0.001677
5675 0.001677
5685 0.033969
5686 0.001677
5688 0.002323
5689 0.001677
5691 0.002323
5692 0.001677
5695 0.002323
5696 0.001677
5698 0.002323
5699 0.001677
5701 0.002323
5702 0.001677
5704 0.002323
5705 0.001677
5707 0.002323
5708 0.001677
5710 0.002323
5711 0.001677
5713 0.002323
5714 0.001677
5717 0.002323
5718 0.001677
5720 0.002323
5721 0.001677
5722 0.002323
5723 0.001677
5724 0.002323
5725 0.001677
5726 0.002323
5727 0.001677
5728 0.002323
5729 0.001677
5730 0.002323
5731 0.001677
5732 0.002323
5733 0.001677
5734 0.002323
5735 0.001677
5736 0.002323
5737 0.001677
5739 0.002323
5740 0.001677
5742 0.001677
5743 0.001677
5745 0.001969
5746 0.001677
5747 0.001677
5748 0.001677
5750 0.001969
5751 0.001677
5753 0.001677
5754 0.001677
5756 0.001969
5757 0.001677
5759 0.001677
5760 0.001677
5762 0.001969
5763 0.001677
5765 0.001677
5766 0.001677
5768 0.001969
5769 0.001677
5770 0.001677
5771 0.001677
5781 0.033969
5782 0.001677
5784 0.002323
5785 0.001677
5787 0.002323
5788 0.001677
5791 0.002323
5792 0.001677
5794 0.002323
5795 0.001677
5797 0.002323
5798 0.001677
5800 0.002323
5801 0.001677
5803 0.002323
5804 0.001677
5806 0.002323
5807 0.001677
5809 0.002323
5810 0.001677
5813 0.002323
5814 0.001677
5816 0.002323
5817 0.001677
5818 0.002323
5819 0.001677
5820 0.002323
5821 0.001677
5822 0.002323
5823 0.001677
5824 0.002323
5825 0.001677
5826 0.002323
5827 0.001677
5828 0.002323
5829 0.001677
5830 0.002323
5831 0.001677
5832 0.002323
5833 0.001677
5835 0.002323
5836 0.001677
5838 0.001677
5839 0.001677
5841 0.001969
5842 0.001677
5843 0.001677
5844 0.001677
5846 0.001969
5847 0.001677
5849 0.001677
5850 0.001677
5852 0.001969
5853 0.001677
5855 0.001677
5856 0.001677
5858 0.001969
5859 0.001677
5861 0.001677
5862 0.001677
5864 0.001969
5865 0.001677
5866 0.001677
5867 0.001677
5877 0.033969
5878 0.001677
5880 0.002323
5881 0.001677
5883 0.002323
5884 0.001677
5887 0.002323
5888 0.001677
5890 0.002323
5891 0.001677
5893 0.002323
5894 0.001677
5896 0.002323
5897 0.001677
5899 0.002323
5900 0.001677
5902 0.002323
5903 0.001677
5905 0.002323
5906 0.001677
5909 0.002323
5910 0.001677
5912 0.002323
5913 0.001677
5914 0.002323
5915 0.001677
5916 0.002323
5917 0.001677
5918 0.002323
5919 0.001677
5920 0.002323
5921 0.001677
5922 0.002323
5923 0.001677
5924 0.002323
5925 0.001677
5926 0.002323
5927 0.001677
5928 0.002323
5929 0.001677
5931 0.002323
5932 0.001677
5934 0.001677
5935 0.001677
5937 0.001969
5938 0.001677
5939 0.001677
5940 0.001677
5942 0.001969
5943 0.001677
5945 0.001677
5946 0.001677
5948 0.001969
5949 0.001677
5951 0.001677
5952 0.001677
5954 0.001969
5955 0.001677
5957 0.001677
5958 0.001677
5960 0.001969
5961 0.001677
5962 0.001677
5963 0.001677
5973 0.033969
5974 0.001677
5976 0.002323
5977 0.001677
5979 0.002323
5980 0.001677
5983 0.002323
5984 0.001677
5986 0.002323
5987 0.001677
5989 0.002323
5990 0.001677
5992 0.002323
5993 0.001677
5995 0.002323
5996 0.001677
5998 0.002323
5999 0.001677
6001 0.002323
6002 0.001677
6005 0.002323
6006 0.001677
6008 0.002323
6009 0.001677
6010 0.002323
6011 0.001677
6012 0.002323
6013 0.001677
6014 0.002323
6015 0.001677
6016 0.002323
6017 0.001677
6018 0.002323
6019 0.001677
6020 0.002323
6021 0.001677
6022 0.002323
6023 0.001677
6024 0.002323
6025 0.001677
6027 0.002323
6028 0.001677
6030 0.001677
6031 0.001677
6033 0.001969
6034 0.001677
6035 0.001677
6036 0.001677
6038 0.001969
6039 0.001677
6041 0.001677
6042 0.001677
6044 0.001969
6045 0.001677
6047 0.001677
6048 0.001677
6050 0.001969
6051 0.001677
6053 0.001677
6054 0.001677
6056 0.001969
6057 0.001677
6058 0.001677
6059 0.001677
6069 0.033969
6070 0.001677
6072 0.002323
6073 0.001677
6075 0.002323
6076 0.001677
6079 0.002323
6080 0.001677
6082 0.002323
6083 0.001677
6085 0.002323
6086 0.001677
6088 0.002323
6089 0.001677
6091 0.002323
6092 0.001677
6094 0.002323
6095 0.001677
6097 0.002323
6098 0.001677
6101 0.002323
6102 0.001677
6104 0.002323
6105 0.001677
6106 0.002323
6107 0.001677
6108 0.002323
6109 0.001677
6110 0.002323
6111 0.001677
6112 0.002323
6113 0.001677
6114 0.002323
6115 0.001677
6116 0.002323
6117 0.001677
6118 0.002323
6119 0.001677
6120 0.002323
6121 0.001677
6123 0.002323
6124 0.001677
6126 0.001677
6127 0.001677
6129 0.001969
6130 0.001677
6131 0.001677
6132 0.001677
6134 0.001969
6135 0.001677
6137 0.001677
6138 0.001677
6140 0.001969
6141 0.001677
6143 0.001677
6144 0.001677
6146 0.001969
6147 0.001677
6149 0.001677
6150 0.001677
6152 0.001969
6153 0.001677
6154 0.001677
6155 0.001677
6165 0.033969
6166 0.001677
6168 0.002323
6169 0.001677
6171 0.002323
6172 0.001677
6175 0.002323
6176 0.001677
6178 0.002323
6179 0.001677
6181 0.002323
6182 0.001677
6184 0.002323
6185 0.001677
6187 0.002323
6188 0.001677
6190 0.002323
6191 0.001677
6193 0.002323
6194 0.001677
6197 0.002323
6198 0.001677
6200 0.002323
6201 0.001677
6202 0.002323
6203 0.001677
6204 0.002323
6205 0.001677
6206 0.002323
6207 0.001677
6208 0.002323
6209 0.001677
6210 0.002323
6211 0.001677
6212 0.002323
6213 0.001677
6214 0.002323
6215 0.001677
6216 0.002323
6217 0.001677
6219 0.002323
6220 0.001677
6222 0.001677
6223 0.001677
6225 0.001969
6226 0.001677
6227 0.001677
6228 0.001677
6230 0.001969
6231 0.001677
6233 0.001677
6234 0.001677
6236 0.001969
6237 0.001677
6239 0.001677
6240 0.001677
6242 0.001969
6243 0.001677
6245 0.001677
6246 0.001677
6248 0.001969
6249 0.001677
6250 0.001677
6251 0.001677
6261 0.033969
6262 0.001677
6264 0.002323
6265 0.001677
6267 0.002323
6268 0.001677
6271 0.002323
6272 0.001677
6274 0.002323
6275 0.001677
6277 0.002323
6278 0.001677
6280 0.002323
6281 0.001677
6283 0.002323
6284 0.001677
6286 0.002323
6287 0.001677
6289 0.002323
6290 0.001677
6293 0.002323
6294 0.001677
6296 0.002323
6297 0.001677
6298 0.002323
6299 0.001677
6300 0.002323
6301 0.001677
6302 0.002323
6303 0.001677
6304 0.002323
6305 0.001677
6306 0.002323
6307 0.001677
6308 0.002323
6309 0.001677
6310 0.002323
6311 0.001677
6312 0.002323
6313 0.001677
6315 0.002323
6316 0.001677
6318 0.001677
6319 0.001677
6321 0.001969
6322 0.001677
6323 0.001677
6324 0.001677
6326 0.001969
6327 0.001677
6329 0.001677
6330 0.001677
6332 0.001969
6333 0.001677
6335 0.001677
6336 0.001677
6338 0.001969
6339 0.001677
6341 0.001677
6342 0.001677
6344 0.001969
6345 0.001677
6346 0.001677
6347 0.001677
6357 0.033969
6358 0.001677
6360 0.002323
6361 0.001677
6363 0.002323
6364 0.001677
6367 0.002323
6368 0.001677
6370 0.002323
6371 0.001677
6373 0.002323
6374 0.001677
6376 0.002323
6377 0.001677
6379 0.002323
6380 0.001677
6382 0.002323
6383 0.001677
6385 0.002323
6386 0.001677
6389 0.002323
6390 0.001677
6392 0.002323
6393 0.001677
6394 0.002323
6395 0.001677
6396 0.002323
6397 0.001677
6398 0.002323
6399 0.001677
6400 0.002323
6401 0.001677
6402 0.002323
6403 0.001677
6404 0.002323
6405 0.001677
6406 0.002323
6407 0.001677
6408 0.002323
6409 0.001677
6411 0.002323
6412 0.001677
6414 0.001677
6415 0.001677
6417 0.001969
6418 0.001677
6419 0.001677
6420 0.001677
6422 0.001969
6423 0.001677
6425 0.001677
6426 0.001677
6428 0.001969
6429 0.001677
6431 0.001677
6432 0.001677
6434 0.001969
6435 0.001677
6437 0.001677
6438 0.001677
6440 0.001969
6441 0.001677
6442 0.001677
6443 0.001677
6453 0.033969
6454 0.001677
6456 0.002323
6457 0.001677
6459 0.002323
6460 0.001677
6463 0.002323
6464 0.001677
6466 0.002323
6467 0.001677
6469 0.002323
6470 0.001677
6472 0.002323
6473 0.001677
6475 0.002323
6476 0.001677
6478 0.002323
6479 0.001677
6481 0.002323
6482 0.001677
6485 0.002323
6486 0.001677
6488 0.002323
6489 0.001677
6490 0.002323
6491 0.001677
6492 0.002323
6493 0.001677
6494 0.002323
6495 0.001677
6496 0.002323
6497 0.001677
6498 0.002323
6499 0.001677
6500 0.002323
6501 0.001677
6502 0.002323
6503 0.001677
6504 0.002323
6505 0.001677
6507 0.002323
6508 0.001677
6510 0.001677
6511 0.001677
6513 0.001969
6514 0.001677
6515 0.001677
6516 0.001677
6518 0.001969
6519 0.001677
6521 0.001677
6522 0.001677
6524 0.001969
6525 0.001677
6527 0.001677
6528 0.001677
6530 0.001969
6531 0.001677
6533 0.001677
6534 0.001677
6536 0.001969
6537 0.001677
6538 0.001677
6539 0.001677
6549 0.033969
6550 0.001677
6552 0.002323
6553 0.001677
6555 0.002323
6556 0.001677
6559 0.002323
6560 0.001677
6562 0.002323
6563 0.001677
6565 0.002323
6566 0.001677
6568 0.002323
6569 0.001677
6571 0.002323
6572 0.001677
6574 0.002323
6575 0.001677
6577 0.002323
6578 0.001677
6581 0.002323
6582 0.001677
6584 0.002323
6585 0.001677
6586 0.002323
6587 0.001677
6588 0.002323
6589 0.001677
6590 0.002323
6591 0.001677
6592 0.002323
6593 0.001677
6594 0.002323
6595 0.001677
6596 0.002323
6597 0.001677
6598 0.002323
6599 0.001677
6600 0.002323
6601 0.001677
6603 0.002323
6604 0.001677
6606 0.001677
6607 0.001677
6609 0.001969
6610 0.001677
6611 0.001677
6612 0.001677
6614 0.001969
6615 0.001677
6617 0.001677
6618 0.001677
6620 0.001969
6621 0.001677
6623 0.001677
6624 0.001677
6626 0.001969
6627 0.001677
6629 0.001677
6630 0.001677
6632 0.001969
6633 0.001677
6634 0.001677
6635 0.001677
6645 0.033969
6646 0.001677
6648 0.002323
6649 0.001677
6651 0.002323
6652 0.001677
6655 0.002323
6656 0.001677
6658 0.002323
6659 0.001677
6661 0.002323
6662 0.001677
6664 0.002323
6665 0.001677
6667 0.002323
6668 0.001677
6670 0.002323
6671 0.001677
6673 0.002323
6674 0.001677
6677 0.002323
6678 0.001677
6680 0.002323
6681 0.001677
6682 0.002323
6683 0.001677
6684 0.002323
6685 0.001677
6686 0.002323
6687 0.001677
6688 0.002323
6689 0.001677
6690 0.002323
6691 0.001677
6692 0.002323
6693 0.001677
6694 0.002323
6695 0.001677
6696 0.002323
6697 0.001677
6699 0.002323
6700 0.001677
6702 0.001677
6703 0.001677
6705 0.001969
6706 0.001677
6707 0.001677
6708 0.001677
6710 0.001969
6711 0.001677
6713 0.001677
6714 0.001677
6716 0.001969
6717 0.001677
6719 0.001677
6720 0.001677
6722 0.001969
6723 0.001677
6725 0.001677
6726 0.001677
6728 0.001969
6729 0.001677
6730 0.001677
6731 0.001677
6741 0.033969
6742 0.001677
6744 0.002323
6745 0.001677
6747 0.002323
6748 0.001677
6751 0.002323
6752 0.001677
6754 0.002323
6755 0.001677
6757 0.002323
6758 0.001677
6760 0.002323
6761 0.001677
6763 0.002323
6764 0.001677
6766 0.002323
6767 0.001677
6769 0.002323
6770 0.001677
6773 0.002323
6774 0.001677
6776 0.002323
6777 0.001677
6778 0.002323
6779 0.001677
6780 0.002323
6781 0.001677
6782 0.002323
6783 0.001677
6784 0.002323
6785 0.001677
6786 0.002323
6787 0.001677
6788 0.002323
6789 0.001677
6790 0.002323
6791 0.001677
6792 0.002323
6793 0.001677
6795 0.002323
6796 0.001677
6798 0.001677
6799 0.001677
6801 0.001969
6802 0.001677
6803 0.001677
6804 0.001677
6806 0.001969
6807 0.001677
6809 0.001677
6810 0.001677
6812 0.001969
6813 0.001677
6815 0.001677
6816 0.001677
6818 0.001969
6819 0.001677
6821 0.001677
6822 0.001677
6824 0.001969
6825 0.001677
6826 0.001677
6827 0.001677
6837 0.033969
6838 0.001677
6840 0.002323
6841 0.001677
6843 0.002323
6844 0.001677
6847 0.002323
6848 0.001677
6850 0.002323
6851 0.001677
6853 0.002323
6854 0.001677
6856 0.002323
6857 0.001677
6859 0.002323
6860 0.001677
6862 0.002323
6863 0.001677
6865 0.002323
6866 0.001677
6869 0.002323
6870 0.001677
6872 0.002323
6873 0.001677
6874 0.002323
6875 0.001677
6876 0.002323
6877 0.001677
6878 0.002323
6879 0.001677
6880 0.002323
6881 0.001677
6882 0.002323
6883 0.001677
6884 0.002323
6885 0.001677
6886 0.002323
6887 0.001677
6888 0.002323
6889 0.001677
6891 0.002323
6892 0.001677
6894 0.001677
6895 0.001677
6897 0.001969
6898 0.001677
6899 0.001677
6900 0.001677
6902 0.001969
6903 0.001677
6905 0.001677
6906 0.001677
6908 0.001969
6909 0.001677
6911 0.001677
6912 0.001677
6914 0.001969
6915 0.001677
6917 0.001677
6918 0.001677
6920 0.001969
6921 0.001677
6922 0.001677
6923 0.001677
6933 0.033969
6934 0.001677
6936 0.002323
6937 0.001677
6939 0.002323
6940 0.001677
6943 0.002323
6944 0.001677
6946 0.002323
6947 0.001677
6949 0.002323
6950 0.001677
6952 0.002323
6953 0.001677
6955 0.002323
6956 0.001677
6958 0.002323
6959 0.001677
6961 0.002323
6962 0.001677
6965 0.002323
6966 0.001677
6968 0.002323
6969 0.001677
6970 0.002323
6971 0.001677
6972 0.002323
6973 0.001677
6974 0.002323
6975 0.001677
6976 0.002323
6977 0.001677
6978 0.002323
6979 0.001677
6980 0.002323
6981 0.001677
6982 0.002323
6983 0.001677
6984 0.002323
6985 0.001677
6987 0.002323
6988 0.001677
6990 0.001677
6991 0.001677
6993 0.001969
6994 0.001677
6995 0.001677
6996 0.001677
6998 0.001969
6999 0.001677
7001 0.001677
7002 0.001677
7004 0.001969
7005 0.001677
7007 0.001677
7008 0.001677
7010 0.001969
7011 0.001677
7013 0.001677
7014 0.001677
7016 0.001969
7017 0.001677
7018 0.001677
7019 0.001677
7029 0.033969
7030 0.001677
7032 0.002323
7033 0.001677
7035 0.002323
7036 0.001677
7039 0.002323
7040 0.001677
7042 0.002323
7043 0.001677
7045 0.002323
7046 0.001677
7048 0.002323
7049 0.001677
7051 0.002323
7052 0.001677
7054 0.002323
7055 0.001677
7057 0.002323
7058 0.001677
7061 0.002323
7062 0.001677
7064 0.002323
7065 0.001677
7066 0.002323
7067 0.001677
7068 0.002323
7069 0.001677
7070 0.002323
7071 0.001677
7072 0.002323
7073 0.001677
7074 0.002323
7075 0.001677
7076 0.002323
7077 0.001677
7078 0.002323
7079 0.001677
7080 0.002323
7081 0.001677
7083 0.002323
7084 0.001677
7086 0.001677
7087 0.001677
7089 0.001969
7090 0.001677
7091 0.001677
7092 0.001677
7094 0.001969
7095 0.001677
7097 0.001677
7098 0.001677
7100 0.001969
7101 0.001677
7103 0.001677
7104 0.001677
7106 0.001969
7107 0.001677
7109 0.001677
7110 0.001677
7112 0.001969
7113 0.001677
7114 0.001677
7115 0.001677
7125 0.033969
7126 0.001677
7128 0.002323
7129 0.001677
7131 0.002323
7132 0.001677
7135 0.002323
7136 0.001677
7138 0.002323
7139 0.001677
7141 0.002323
7142 0.001677
7144 0.002323
7145 0.001677
7147 0.002323
7148 0.001677
7150 0.002323
7151 0.001677
7153 0.002323
7154 0.001677
7157 0.002323
7158 0.001677
7160 0.002323
7161 0.001677
7162 0.002323
7163 0.001677
7164 0.002323
7165 0.001677
7166 0.002323
7167 0.001677
7168 0.002323
7169 0.001677
7170 0.002323
7171 0.001677
7172 0.002323
7173 0.001677
7174 0.002323
7175 0.001677
7176 0.002323
7177 0.001677
7179 0.002323
7180 0.001677
7182 0.001677
7183 0.001677
7185 0.001969
7186 0.001677
7187 0.001677
7188 0.001677
7190 0.001969
7191 0.001677
7193 0.001677
7194 0.001677
7196 0.001969
7197 0.001677
7199 0.001677
7200 0.001677
7202 0.001969
7203 0.001677
7205 0.001677
7206 0.001677
7208 0.001969
7209 0.001677
7210 0.001677
7211 0.001677
7221 0.033969
7222 0.001677
7224 0.002323
7225 0.001677
7227 0.002323
7228 0.001677
7231 0.002323
7232 0.001677
7234 0.002323
7235 0.001677
7237 0.002323
7238 0.001677
7240 0.002323
7241 0.001677
7243 0.002323
7244 0.001677
7246 0.002323
7247 0.001677
7249 0.002323
7250 0.001677
7253 0.002323
7254 0.001677
7256 0.002323
7257 0.001677
7258 0.002323
7259 0.001677
7260 0.002323
7261 0.001677
7262 0.002323
7263 0.001677
7264 0.002323
7265 0.001677
7266 0.002323
7267 0.001677
7268 0.002323
7269 0.001677
7270 0.002323
7271 0.001677
7272 0.002323
7273 0.001677
7275 0.002323
7276 0.001677
7278 0.001677
7279 0.001677
7281 0.001969
7282 0.001677
7283 0.001677
7284 0.001677
7286 0.001969
7287 0.001677
7289 0.001677
7290 0.001677
7292 0.001969
7293 0.001677
7295 0.001677
7296 0.001677
7298 0.001969
7299 0.001677
7301 0.001677
7302 0.001677
7304 0.001969
7305 0.001677
7306 0.001677
7307 0.001677
7317 0.033969
7318 0.001677
7320 0.002323
7321 0.001677
7323 0.002323
7324 0.001677
7327 0.002323
7328 0.001677
7330 0.002323
7331 0.001677
7333 0.002323
7334 0.001677
7336 0.002323
7337 0.001677
7339 0.002323
7340 0.001677
7342 0.002323
7343 0.001677
7345 0.002323
7346 0.001677
7349 0.002323
7350 0.001677
7352 0.002323
7353 0.001677
7354 0.002323
7355 0.001677
7356 0.002323
7357 0.001677
7358 0.002323
7359 0.001677
7360 0.002323
7361 0.001677
7362 0.002323
7363 0.001677
7364 0.002323
7365 0.001677
7366 0.002323
7367 0.001677
7368 0.002323
7369 0.001677
7371 0.002323
7372 0.001677
7374 0.001677
7375 0.001677
7377 0.001969
7378 0.001677
7379 0.001677
7380 0.001677
7382 0.001969
7383 0.001677
7385 0.001677
7386 0.001677
7388 0.001969
7389 0.001677
7391 0.001677
7392 0.001677
7394 0.001969
7395 0.001677
7397 0.001677
7398 0.001677
7400 0.001969
7401 0.001677
7402 0.001677
7403 0.001677
7413 0.033969
7414 0.001677
7416 0.002323
7417 0.001677
7419 0.002323
7420 0.001677
7423 0.002323
7424 0.001677
7426 0.002323
7427 0.001677
7429 0.002323
7430 0.001677
7432 0.002323
7433 0.001677
7435 0.002323
7436 0.001677
7438 0.002323
7439 0.001677
7441 0.002323
7442 0.001677
7445 0.002323
7446 0.001677
7448 0.002323
7449 0.001677
7450 0.002323
7451 0.001677
7452 0.002323
7453 0.001677
7454 0.002323
7455 0.001677
7456 0.002323
7457 0.001677
7458 0.002323
7459 0.001677
7460 0.002323
7461 0.001677
7462 0.002323
7463 0.001677
7464 0.002323
7465 0.001677
7467 0.002323
7468 0.001677
7470 0.001677
7471 0.001677
7473 0.001969
7474 0.001677
7475 0.001677
7476 0.001677
7478 0.001969
7479 0.001677
7481 0.001677
7482 0.001677
7484 0.001969
7485 0.001677
7487 0.001677
7488 0.001677
7490 0.001969
7491 0.001677
7493 0.001677
7494 0.001677
7496 0.001969
7497 0.001677
7498 0.001677
7499 0.001677
7509 0.033969
7510 0.001677
7512 0.002323
7513 0.001677
7515 0.002323
7516 0.001677
7519 0.002323
7520 0.001677
7522 0.002323
7523 0.001677
7525 0.002323
7526 0.001677
7528 0.002323
7529 0.001677
7531 0.002323
7532 0.001677
7534 0.002323
7535 0.001677
7537 0.002323
7538 0.001677
7541 0.002323
7542 0.001677
7544 0.002323
7545 0.001677
7546 0.002323
7547 0.001677
7548 0.002323
7549 0.001677
7550 0.002323
7551 0.001677
7552 0.002323
7553 0.001677
7554 0.002323
7555 0.001677
7556 0.002323
7557 0.001677
7558 0.002323
7559 0.001677
7560 0.002323
7561 0.001677
7563 0.002323
7564 0.001677
7566 0.001677
7567 0.001677
7569 0.001969
7570 0.001677
7571 0.001677
7572 0.001677
7574 0.001969
7575 0.001677
7577 0.001677
7578 0.001677
7580 0.001969
7581 0.001677
7583 0.001677
7584 0.001677
7586 0.001969
7587 0.001677
7589 0.001677
7590 0.001677
7592 0.001969
7593 0.001677
7594 0.001677
7595 0.001677
7605 0.033969
7606 0.001677
7608 0.002323
7609 0.001677
7611 0.002323
7612 0.001677
7615 0.002323
7616 0.001677
7618 0.002323
7619 0.001677
7621 0.002323
7622 0.001677
7624 0.002323
7625 0.001677
7627 0.002323
7628 0.001677
7630 0.002323
7631 0.001677
7633 0.002323
7634 0.001677
7637 0.002323
7638 0.001677
7640 0.002323
7641 0.001677
7642 0.002323
7643 0.001677
7644 0.002323
7645 0.001677
7646 0.002323
7647 0.001677
7648 0.002323
7649 0.001677
7650 0.002323
7651 0.001677
7652 0.002323
7653 0.001677
7654 0.002323
7655 0.001677
7656 0.002323
7657 0.001677
7659 0.002323
7660 0.001677
7662 0.001677
7663 0.001677
7665 0.001969
7666 0.001677
7667 0.001677
7668 0.001677
7670 0.001969
7671 0.001677
7673 0.001677
7674 0.001677
7676 0.001969
7677 0.001677
7679 0.001677
7680 0.001677
7682 0.001969
7683 0.001677
7685 0.001677
7686 0.001677
7688 0.001969
7689 0.001677
7690 0.001677
7691 0.001677
7701 0.033969
7702 0.001677
7704 0.002323
7705 0.001677
7707 0.002323
7708 0.001677
7711 0.002323
7712 0.001677
7714 0.002323
7715 0.001677
7717 0.002323
7718 0.001677
7720 0.002323
7721 0.001677
7723 0.002323
7724 0.001677
7726 0.002323
7727 0.001677
7729 0.002323
7730 0.001677
7733 0.002323
7734 0.001677
7736 0.002323
7737 0.001677
7738 0.002323
7739 0.001677
7740 0.002323
7741 0.001677
7742 0.002323
7743 0.001677
7744 0.002323
7745 0.001677
7746 0.002323
7747 0.001677
7748 0.002323
7749 0.001677
7750 0.002323
7751 0.001677
7752 0.002323
7753 0.001677
7755 0.002323
7756 0.001677
7758 0.001677
7759 0.001677
7761 0.001969
7762 0.001677
7763 0.001677
7764 0.001677
7766 0.001969
7767 0.001677
7769 0.001677
7770 0.001677
7772 0.001969
7773 0.001677
7775 0.001677
7776 0.001677
7778 0.001969
7779 0.001677
7781 0.001677
7782 0.001677
7784 0.001969
7785 0.001677
7786 0.001677
7787 0.001677
7797 0.033969
7798 0.001677
7800 0.002323
7801 0.001677
7803 0.002323
7804 0.001677
7807 0.002323
7808 0.001677
7810 0.002323
7811 0.001677
7813 0.002323
7814 0.001677
7816 0.002323
7817 0.001677
7819 0.002323
7820 0.001677
7822 0.002323
7823 0.001677
7825 0.002323
7826 0.001677
7829 0.002323
7830 0.001677
7832 0.002323
7833 0.001677
7834 0.002323
7835 0.001677
7836 0.002323
7837 0.001677
7838 0.002323
7839 0.001677
7840 0.002323
7841 0.001677
7842 0.002323
7843 0.001677
7844 0.002323
7845 0.001677
7846 0.002323
7847 0.001677
7848 0.002323
7849 0.001677
7851 0.002323
7852 0.001677
7854 0.001677
7855 0.001677
7857 0.001969
7858 0.001677
7859 0.001677
7860 0.001677
7862 0.001969
7863 0.001677
7865 0.001677
7866 0.001677
7868 0.001969
7869 0.001677
7871 0.001677
7872 0.001677
