1 0.000000
4 0.000000
26 0.151787
47 0.150162
71 0.151943
72 0.001677
73 0.001677
74 0.001677
103 0.146898
104 0.001677
106 0.002013
107 0.001677
108 0.001677
141 0.145087
142 0.001677
143 0.001677
144 0.001677
146 0.001677
182 0.145228
183 0.001677
184 0.001677
185 0.001677
231 0.146905
232 0.001677
233 0.001677
234 0.001677
235 0.001677
236 0.001676
264 0.143552
265 0.001677
266 0.001677
268 0.003347
269 0.001676
270 0.001677
271 0.001677
299 0.140198
300 0.001677
301 0.001677
302 0.001677
304 0.003346
305 0.001677
306 0.001677
307 0.001677
308 0.001677
337 0.138521
338 0.001677
340 0.002013
341 0.001677
342 0.003010
343 0.001677
345 0.002013
346 0.001677
347 0.001676
378 0.136509
379 0.001677
381 0.002013
382 0.001677
383 0.003010
384 0.001677
386 0.002013
387 0.001676
388 0.001677
389 0.001677
424 0.134839
426 0.002013
427 0.001677
429 0.010053
430 0.001677
431 0.001677
462 0.134839
464 0.002013
466 0.011723
467 0.001677
468 0.001677
469 0.001677
470 0.001677
471 0.001676
502 0.131822
503 0.001677
505 0.011723
506 0.001677
508 0.002013
509 0.001677
510 0.001676
511 0.001677
512 0.001677
542 0.129809
543 0.001676
546 0.011724
547 0.001677
548 0.002013
549 0.001676
550 0.001677
551 0.001677
552 0.001677
553 0.001677
586 0.126455
587 0.001676
590 0.011724
591 0.001677
592 0.002013
593 0.001676
595 0.002013
596 0.001677
597 0.001677
598 0.001677
599 0.001676
633 0.124443
634 0.001676
637 0.011724
638 0.001677
639 0.002012
640 0.001677
642 0.002013
643 0.001677
644 0.001677
645 0.001676
646 0.001677
647 0.001677
648 0.001677
685 0.123010
686 0.001677
688 0.011479
689 0.001676
691 0.002013
692 0.001677
693 0.002013
694 0.001677
695 0.001676
696 0.001677
698 0.002013
699 0.001677
700 0.001677
741 0.121004
742 0.001677
743 0.001677
745 0.009802
748 0.012409
749 0.002013
750 0.001677
751 0.001677
785 0.121004
786 0.001677
787 0.001677
791 0.022204
792 0.001677
793 0.001677
794 0.001677
795 0.001676
830 0.119664
831 0.001677
832 0.001677
833 0.001677
837 0.022204
838 0.001677
839 0.001677
840 0.001676
841 0.001677
842 0.001677
878 0.116310
879 0.001677
880 0.001677
881 0.001677
885 0.022204
886 0.001677
888 0.002013
889 0.001676
890 0.001677
891 0.001677
892 0.001677
929 0.114297
930 0.001677
931 0.001677
932 0.001677
936 0.022204
937 0.001677
939 0.002012
940 0.001677
941 0.001677
942 0.001677
943 0.001677
944 0.001676
945 0.001677
946 0.001677
983 0.110944
984 0.001677
986 0.002013
987 0.001676
990 0.022169
991 0.001677
993 0.001712
994 0.001677
995 0.001677
996 0.001677
998 0.002012
999 0.001677
1000 0.001677
1001 0.001677
1002 0.001677
1041 0.108931
1042 0.001677
1043 0.002012
1044 0.001677
1048 0.022169
1049 0.001677
1050 0.001712
1051 0.001677
1053 0.002013
1054 0.001676
1055 0.001677
1056 0.001677
1057 0.001677
1058 0.001677
1059 0.001676
1099 0.107255
1100 0.001677
1102 0.002012
1103 0.001677
1107 0.022169
1108 0.001677
1109 0.001712
1110 0.001677
1112 0.002013
1113 0.001676
1114 0.001677
1115 0.001677
1117 0.002013
1118 0.001677
1119 0.001676
1121 0.001677
1122 0.001677
1163 0.105242
1164 0.001676
1166 0.002013
1167 0.001677
1171 0.022169
1172 0.001677
1174 0.002013
1175 0.001676
1176 0.001712
1177 0.001677
1178 0.001677
1179 0.001677
1181 0.002013
1182 0.001676
1183 0.001684
1184 0.001677
1185 0.001677
1187 0.001677
1235 0.101888
1241 0.036290
1243 0.002013
1244 0.001677
1245 0.001677
1246 0.001676
1247 0.001684
1250 0.002013
1251 0.001677
1253 0.001677
1292 0.137835
1293 0.001677
1294 0.001677
1296 0.002012
1297 0.001677
1298 0.001677
1299 0.001677
1302 0.002013
1303 0.001676
1305 0.001677
1306 0.001677
1348 0.136166
1349 0.001677
1350 0.002012
1351 0.001677
1352 0.001677
1353 0.001677
1356 0.002013
1358 0.001676
1359 0.001677
1361 0.001677
1362 0.001677
1408 0.134489
1409 0.001677
1410 0.002012
1411 0.001677
1413 0.002013
1414 0.001677
1415 0.001677
1416 0.001676
1417 0.001677
1419 0.001677
1420 0.001677
1469 0.141875
1470 0.001677
1471 0.001677
1473 0.001676
1475 0.002013
1477 0.001677
1517 0.143209
1518 0.001677
1519 0.001677
1520 0.001676
1521 0.001677
1522 0.001677
1525 0.002013
1570 0.141532
1571 0.001677
1572 0.001677
1573 0.001676
1576 0.002013
1577 0.001677
1578 0.001677
1580 0.001677
1581 0.001676
1630 0.138186
1631 0.001677
1632 0.001677
1636 0.007043
1637 0.001677
1639 0.002012
1683 0.137850
1684 0.001677
1688 0.008713
1689 0.001676
1690 0.001677
1691 0.001677
1694 0.001677
1695 0.001677
1737 0.134832
1738 0.001676
1743 0.008713
1744 0.001677
1746 0.001677
1747 0.001677
1748 0.001677
1750 0.001676
1751 0.001677
1795 0.133155
1796 0.001677
1800 0.008713
1801 0.001677
1803 0.001677
1804 0.001677
1805 0.001676
1806 0.001677
1809 0.001677
1810 0.001677
1855 0.129801
1856 0.001677
1860 0.008713
1861 0.001677
1862 0.001677
1863 0.001677
1866 0.002012
1867 0.001677
1869 0.001677
1870 0.001677
1871 0.001677
1918 0.127788
1919 0.001677
1923 0.008713
1924 0.001677
1925 0.001677
1926 0.001677
1929 0.002012
1930 0.001677
1932 0.001677
1933 0.001677
1934 0.001677
1935 0.001676
1937 0.001677
1938 0.001677
1984 0.124435
1985 0.001677
1989 0.008713
1990 0.001677
1993 0.002012
1994 0.001677
1996 0.001677
1997 0.001677
1999 0.002013
2000 0.001676
2001 0.001677
2002 0.001677
2003 0.001677
2004 0.001677
2005 0.001676
2055 0.122423
2056 0.001677
2064 0.008713
2065 0.001676
2068 0.002013
2069 0.001677
2072 0.001677
2073 0.002013
2075 0.001676
2076 0.001677
2077 0.001677
2078 0.001677
2079 0.001677
2081 0.002012
2082 0.001677
2110 0.120659
2111 0.001677
2113 0.008464
2114 0.001676
2115 0.002013
2116 0.001677
2118 0.002013
2119 0.001677
2120 0.001676
2121 0.001677
2122 0.001677
2123 0.001677
2125 0.002013
2126 0.001676
2127 0.001677
2129 0.001677
2130 0.001677
2159 0.118982
2160 0.001677
2162 0.008463
2163 0.001677
2164 0.002013
2165 0.001677
2167 0.002013
2168 0.001676
2169 0.001677
2170 0.001677
2172 0.002013
2173 0.001677
2174 0.001676
2175 0.001677
2177 0.002013
2178 0.001677
2179 0.001677
2180 0.001676
2218 0.115300
2222 0.022550
2223 0.002013
2224 0.001677
2225 0.001676
2226 0.001677
2228 0.002013
2229 0.001677
2230 0.001677
2231 0.001676
2249 0.137843
2250 0.001677
2251 0.001677
2252 0.001676
2253 0.001677
2254 0.001677
2255 0.001677
2256 0.001677
2257 0.001676
2258 0.001677
2259 0.001677
2267 0.136838
2268 0.001676
2269 0.001677
2270 0.001677
2271 0.001677
2272 0.001677
2273 0.001676
2274 0.001677
2275 0.001677
2276 0.001677
2277 0.001677
2278 0.001676
2289 0.133485
2290 0.001676
2291 0.001677
2292 0.001677
2293 0.001677
2294 0.001677
2295 0.001676
2296 0.001677
2297 0.001677
2298 0.001677
2299 0.001677
2300 0.001676
2301 0.001677
2309 0.131808
2310 0.001676
2311 0.001677
2312 0.001677
2313 0.001677
2314 0.001677
2315 0.001676
2316 0.001677
2317 0.001677
2318 0.001677
2319 0.001677
2320 0.001676
2321 0.001677
2322 0.001677
2323 0.001677
2324 0.001677
2333 0.128453
2334 0.001677
2335 0.001677
2336 0.001677
2337 0.001677
2338 0.001676
2339 0.001677
2340 0.001677
2341 0.001677
2342 0.001677
2343 0.001676
2344 0.001677
2345 0.001677
2346 0.001677
2347 0.001677
2348 0.001676
2349 0.001677
2358 0.126777
2359 0.001677
2360 0.001677
2361 0.001677
2362 0.001676
2363 0.001677
2364 0.001677
2365 0.001677
2366 0.001677
2367 0.001676
2368 0.001677
2369 0.001677
2370 0.001677
2371 0.001677
2372 0.001676
2373 0.001677
2374 0.001677
2375 0.001677
2385 0.123423
2386 0.001677
2387 0.001677
2388 0.001676
2389 0.001677
2390 0.001677
2391 0.001677
2392 0.001677
2393 0.001676
2394 0.001677
2395 0.001677
2396 0.001677
2397 0.001677
2398 0.001676
2399 0.001677
2400 0.001677
2401 0.001677
2402 0.001677
2403 0.001676
2414 0.121747
2415 0.001677
2416 0.001677
2417 0.001676
2418 0.001677
2419 0.001677
2420 0.001677
2421 0.001677
2422 0.001676
2423 0.001677
2424 0.001677
2425 0.001677
2426 0.001677
2427 0.001676
2428 0.001677
2429 0.001677
2430 0.001677
2431 0.001677
2432 0.001676
2433 0.001677
2434 0.001677
2445 0.120070
2446 0.001677
2447 0.001676
2448 0.001677
2449 0.001677
2450 0.001677
2451 0.001677
2452 0.001676
2453 0.001677
2454 0.001677
2455 0.001677
2456 0.001677
2457 0.001676
2458 0.001677
2459 0.001677
2460 0.001677
2461 0.001677
2462 0.001676
2463 0.001677
2464 0.001677
2465 0.001677
2466 0.001677
2478 0.116716
2479 0.001677
2480 0.001676
2481 0.001677
2482 0.001677
2483 0.001677
2484 0.001677
2485 0.001676
2486 0.001677
2487 0.001677
2488 0.001677
2489 0.001677
2490 0.001676
2491 0.001677
2492 0.001677
2493 0.001677
2494 0.001677
2495 0.001676
2496 0.001677
2497 0.001677
2498 0.001677
2499 0.001677
2500 0.001676
2513 0.115040
2514 0.001677
2515 0.001676
2516 0.001677
2517 0.001677
2518 0.001677
2519 0.001677
2520 0.001676
2521 0.001677
2522 0.001677
2523 0.001677
2524 0.001677
2525 0.001676
2526 0.001677
2527 0.001677
2528 0.001677
2529 0.001677
2530 0.001676
2531 0.001677
2532 0.001677
2533 0.001677
2534 0.001677
2535 0.001676
2536 0.001677
2537 0.001677
2538 0.001677
2552 0.111685
2553 0.001677
2554 0.001677
2555 0.001677
2556 0.001677
2557 0.001676
2558 0.001677
2559 0.001677
2560 0.001677
2561 0.001677
2562 0.001676
2563 0.001677
2564 0.001677
2565 0.001677
2566 0.001677
2567 0.001676
2568 0.001677
2569 0.001677
2570 0.001677
2571 0.001677
2572 0.001676
2573 0.001677
2574 0.001677
2575 0.001677
2576 0.001677
2577 0.001676
2578 0.001677
2592 0.110009
2593 0.001677
2594 0.001677
2595 0.001677
2596 0.001676
2597 0.001677
2598 0.001677
2599 0.001677
2600 0.001677
2601 0.001676
2602 0.001677
2603 0.001677
2604 0.001677
2605 0.001677
2606 0.001676
2607 0.001677
2608 0.001677
2609 0.001677
2610 0.001677
2611 0.001676
2612 0.001677
2613 0.001677
2614 0.001677
2615 0.001677
2616 0.001676
2617 0.001677
2618 0.001677
2619 0.001677
2634 0.106655
2635 0.001677
2636 0.001677
2637 0.001677
2638 0.001676
2639 0.001677
2640 0.001677
2641 0.001677
2642 0.001677
2643 0.001676
2644 0.001677
2645 0.001677
2646 0.001677
2647 0.001677
2648 0.001676
2649 0.001677
2650 0.001677
2651 0.001677
2652 0.001677
2653 0.001676
2654 0.001677
2655 0.001677
2656 0.001677
2657 0.001677
2658 0.001676
2659 0.001677
2660 0.001677
2661 0.001677
2662 0.001677
2678 0.104978
2679 0.001677
2680 0.001677
2681 0.001677
2682 0.001676
2683 0.001677
2684 0.001677
2685 0.001677
2686 0.001677
2687 0.001676
2688 0.001677
2689 0.001677
2690 0.001677
2691 0.001677
2692 0.001676
2693 0.001677
2694 0.001677
2695 0.001677
2696 0.001677
2697 0.001676
2698 0.001677
2699 0.001677
2700 0.001677
2701 0.001677
2702 0.001676
2703 0.001677
2704 0.001677
2705 0.001677
2706 0.001677
2707 0.001676
2708 0.001677
2709 0.001677
2726 0.101625
2727 0.001677
2728 0.001677
2729 0.001676
2730 0.001677
2731 0.001677
2732 0.001677
2733 0.001677
2734 0.001676
2735 0.001677
2736 0.001677
2737 0.001677
2738 0.001677
2739 0.001676
2740 0.001677
2741 0.001677
2742 0.001677
2743 0.001677
2744 0.001676
2745 0.001677
2746 0.001677
2747 0.001677
2748 0.001677
2749 0.001676
2750 0.001677
2751 0.001677
2752 0.001677
2753 0.001677
2754 0.001676
2755 0.001677
2756 0.001677
2757 0.001677
2758 0.001677
2775 0.099948
2776 0.001676
2777 0.001677
2778 0.001677
2779 0.001677
2780 0.001677
2781 0.001676
2782 0.001677
2783 0.001677
2784 0.001677
2785 0.001677
2786 0.001676
2787 0.001677
2788 0.001677
2789 0.001677
2790 0.001677
2791 0.001676
2792 0.001677
2793 0.001677
2794 0.001677
2795 0.001677
2796 0.001676
2797 0.001677
2798 0.001677
2799 0.001677
2800 0.001677
2801 0.001676
2802 0.001677
2803 0.001677
2804 0.001677
2805 0.001677
2806 0.001676
2807 0.001677
2825 0.098272
2826 0.001676
2827 0.001677
2828 0.001677
2829 0.001677
2830 0.001677
2831 0.001676
2832 0.001677
2833 0.001677
2834 0.001677
2835 0.001677
2836 0.001676
2837 0.001677
2838 0.001677
2839 0.001677
2840 0.001677
2841 0.001676
2842 0.001677
2843 0.001677
2844 0.001677
2845 0.001677
2846 0.001676
2847 0.001677
2848 0.001677
2849 0.001677
2850 0.001677
2851 0.001676
2852 0.001677
2853 0.001677
2854 0.001677
2855 0.001677
2856 0.001676
2857 0.001677
2858 0.001677
2859 0.001677
2860 0.001677
2879 0.094917
2880 0.001677
2881 0.001677
2882 0.001677
2883 0.001677
2884 0.001676
2885 0.001677
2886 0.001677
2887 0.001677
2888 0.001677
2889 0.001676
2890 0.001677
2891 0.001677
2892 0.001677
2893 0.001677
2894 0.001676
2895 0.001677
2896 0.001677
2897 0.001677
2898 0.001677
2899 0.001676
2900 0.001677
2901 0.001677
2902 0.001677
2903 0.001677
2904 0.001676
2905 0.001677
2906 0.001677
2907 0.001677
2908 0.001677
2909 0.001676
2910 0.001677
2911 0.001677
2912 0.001677
2913 0.001677
2914 0.001676
2915 0.001677
2934 0.093241
2935 0.001677
2936 0.001677
2937 0.001677
2938 0.001676
2939 0.001677
2940 0.001677
2941 0.001677
2942 0.001677
2943 0.001676
2944 0.001677
2945 0.001677
2946 0.001677
2947 0.001677
2948 0.001676
2949 0.001677
2950 0.001677
2951 0.001677
2952 0.001677
2953 0.001676
2954 0.001677
2955 0.001677
2956 0.001677
2957 0.001677
2958 0.001676
2959 0.001677
2960 0.001677
2961 0.001677
2962 0.001677
2963 0.001676
2964 0.001677
2965 0.001677
2966 0.001677
2967 0.001677
2968 0.001676
2969 0.001677
2970 0.001677
2971 0.001677
2991 0.089887
2992 0.001677
2993 0.001677
2994 0.001677
2995 0.001676
2996 0.001677
2997 0.001677
2998 0.001677
2999 0.001677
3000 0.001676
3001 0.001677
3002 0.001677
3003 0.001677
3004 0.001677
3005 0.001676
3006 0.001677
3007 0.001677
3008 0.001677
3009 0.001677
3010 0.001676
3011 0.001677
3012 0.001677
3013 0.001677
3014 0.001677
3015 0.001676
3016 0.001677
3017 0.001677
3018 0.001677
3019 0.001677
3020 0.001676
3021 0.001677
3022 0.001677
3023 0.001677
3024 0.001677
3025 0.001676
3026 0.001677
3027 0.001677
3028 0.001677
3029 0.001677
3050 0.088210
3051 0.001677
3052 0.001677
3053 0.001676
3054 0.001677
3055 0.001677
3056 0.001677
3057 0.001677
3058 0.001676
3059 0.001677
3060 0.001677
3061 0.001677
3062 0.001677
3063 0.001676
3064 0.001677
3065 0.001677
3066 0.001677
3067 0.001677
3068 0.001676
3069 0.001677
3070 0.001677
3071 0.001677
3072 0.001677
3073 0.001676
3074 0.001677
3075 0.001677
3076 0.001677
3077 0.001677
3078 0.001676
3079 0.001677
3080 0.001677
3081 0.001677
3082 0.001677
3083 0.001676
3084 0.001677
3085 0.001677
3086 0.001677
3087 0.001677
3088 0.001676
3089 0.001677
3090 0.001677
3091 0.001677
3113 0.084857
3114 0.001677
3115 0.001676
3116 0.001677
3117 0.001677
3118 0.001677
3119 0.001677
3120 0.001676
3121 0.001677
3122 0.001677
3123 0.001677
3124 0.001677
3125 0.001676
3126 0.001677
3127 0.001677
3128 0.001677
3129 0.001677
3130 0.001676
3131 0.001677
3132 0.001677
3133 0.001677
3134 0.001677
3135 0.001676
3136 0.001677
3137 0.001677
3138 0.001677
3139 0.001677
3140 0.001676
3141 0.001677
3142 0.001677
3143 0.001677
3144 0.001677
3145 0.001676
3146 0.001677
3147 0.001677
3148 0.001677
3149 0.001677
3150 0.001676
3151 0.001677
3152 0.001677
3153 0.001677
3154 0.001677
3155 0.001676
3177 0.083181
3178 0.001676
3179 0.001677
3180 0.001677
3181 0.001677
3182 0.001677
3183 0.001676
3184 0.001677
3185 0.001677
3186 0.001677
3187 0.001677
3188 0.001676
3189 0.001677
3190 0.001677
3191 0.001677
3192 0.001677
3193 0.001676
3194 0.001677
3195 0.001677
3196 0.001677
3197 0.001677
3198 0.001676
3199 0.001677
3200 0.001677
3201 0.001677
3202 0.001677
3203 0.001676
3204 0.001677
3205 0.001677
3206 0.001677
3207 0.001677
3208 0.001676
3209 0.001677
3210 0.001677
3211 0.001677
3212 0.001677
3213 0.001676
3214 0.001677
3215 0.001677
3216 0.001677
3217 0.001677
3218 0.001676
3219 0.001677
3220 0.001677
3243 0.079827
3244 0.001676
3245 0.001677
3246 0.001677
3247 0.001677
3248 0.001677
3249 0.001676
3250 0.001677
3251 0.001677
3252 0.001677
3253 0.001677
3254 0.001676
3255 0.001677
3256 0.001677
3257 0.001677
3258 0.001677
3259 0.001676
3260 0.001677
3261 0.001677
3262 0.001677
3263 0.001677
3264 0.001676
3265 0.001677
3266 0.001677
3267 0.001677
3268 0.001677
3269 0.001676
3270 0.001677
3271 0.001677
3272 0.001677
3273 0.001677
3274 0.001676
3275 0.001677
3276 0.001677
3277 0.001677
3278 0.001677
3279 0.001676
3280 0.001677
3281 0.001677
3282 0.001677
3283 0.001677
3284 0.001676
3285 0.001677
3286 0.001677
3287 0.001677
3311 0.078150
3312 0.001676
3313 0.001677
3314 0.001677
3315 0.001677
3316 0.001677
3317 0.001676
3318 0.001677
3319 0.001677
3320 0.001677
3321 0.001677
3322 0.001676
3323 0.001677
3324 0.001677
3325 0.001677
3326 0.001677
3327 0.001676
3328 0.001677
3329 0.001677
3330 0.001677
3331 0.001677
3332 0.001676
3333 0.001677
3334 0.001677
3335 0.001677
3336 0.001677
3337 0.001676
3338 0.001677
3339 0.001677
3340 0.001677
3341 0.001677
3342 0.001676
3343 0.001677
3344 0.001677
3345 0.001677
3346 0.001677
3347 0.001676
3348 0.001677
3349 0.001677
3350 0.001677
3351 0.001677
3352 0.001676
3353 0.001677
3354 0.001677
3355 0.001677
3356 0.001677
3357 0.001676
3381 0.076473
3382 0.001677
3383 0.001677
3384 0.001677
3385 0.001676
3386 0.001677
3387 0.001677
3388 0.001677
3389 0.001677
3390 0.001676
3391 0.001677
3392 0.001677
3393 0.001677
3394 0.001677
3395 0.001676
3396 0.001677
3397 0.001677
3398 0.001677
3399 0.001677
3400 0.001676
3401 0.001677
3402 0.001677
3403 0.001677
3404 0.001677
3405 0.001676
3406 0.001677
3407 0.001677
3408 0.001677
3409 0.001677
3410 0.001676
3411 0.001677
3412 0.001677
3413 0.001677
3414 0.001677
3415 0.001676
3416 0.001677
3417 0.001677
3418 0.001677
3419 0.001677
3420 0.001676
3421 0.001677
3422 0.001677
3423 0.001677
3424 0.001677
3425 0.001676
3426 0.001677
3427 0.001677
3428 0.001677
3452 0.073119
3453 0.001677
3455 0.001677
3456 0.001677
3457 0.001676
3458 0.001677
3459 0.001677
3460 0.001677
3461 0.001677
3462 0.001676
3463 0.001677
3464 0.001677
3465 0.001677
3466 0.001677
3467 0.001676
3468 0.001677
3469 0.001677
3470 0.001677
3471 0.001677
3472 0.001676
3473 0.001677
3474 0.001677
3475 0.001677
3476 0.001677
3477 0.001676
3478 0.001677
3479 0.001677
3480 0.001677
3481 0.001677
3482 0.001676
3483 0.001677
3484 0.001677
3485 0.001677
3486 0.001677
3487 0.001676
3488 0.001677
3489 0.001677
3490 0.001677
3491 0.001677
3492 0.001676
3493 0.001677
3494 0.001677
3495 0.001677
3496 0.001677
3497 0.001676
3498 0.001677
3499 0.001677
3501 0.001677
3502 0.001677
3525 0.071442
3526 0.001677
3528 0.001677
3529 0.001677
3531 0.001676
3532 0.001677
3533 0.001677
3534 0.001677
3535 0.001677
3536 0.001676
3537 0.001677
3538 0.001677
3539 0.001677
3540 0.001677
3541 0.001676
3542 0.001677
3543 0.001677
3544 0.001677
3545 0.001677
3546 0.001676
3547 0.001677
3548 0.001677
3549 0.001677
3550 0.001677
3551 0.001676
3552 0.001677
3553 0.001677
3554 0.001677
3555 0.001677
3556 0.001676
3557 0.001677
3558 0.001677
3559 0.001677
3560 0.001677
3561 0.001676
3562 0.001677
3563 0.001677
3564 0.001677
3565 0.001677
3566 0.001676
3567 0.001677
3568 0.001677
3569 0.001677
3570 0.001677
3571 0.001676
3572 0.001677
3573 0.001677
3574 0.001677
3575 0.001677
3576 0.001676
3578 0.001677
3579 0.001677
3602 0.068089
3603 0.001677
3605 0.001677
3606 0.001676
3608 0.001677
3609 0.001677
3611 0.001677
3612 0.001677
3613 0.001676
3614 0.001677
3615 0.001677
3616 0.001677
3617 0.001677
3618 0.001676
3619 0.001677
3620 0.001677
3621 0.001677
3622 0.001677
3623 0.001676
3624 0.001677
3625 0.001677
3626 0.001677
3627 0.001677
3628 0.001676
3629 0.001677
3630 0.001677
3631 0.001677
3632 0.001677
3633 0.001676
3634 0.001677
3635 0.001677
3636 0.001677
3637 0.001677
3638 0.001676
3639 0.001677
3640 0.001677
3641 0.001677
3642 0.001677
3643 0.001676
3644 0.001677
3645 0.001677
3646 0.001677
3647 0.001677
3648 0.001676
3649 0.001677
3650 0.001677
3651 0.001677
3652 0.001677
3653 0.001676
3655 0.001677
3656 0.001677
3658 0.001677
3659 0.001677
3681 0.066412
3682 0.001677
3684 0.001676
3685 0.001677
3687 0.001677
3688 0.001677
3690 0.001677
3691 0.001676
3692 0.001677
3693 0.001677
3694 0.001677
3695 0.001677
3696 0.001676
3697 0.001677
3698 0.001677
3699 0.001677
3700 0.001677
3701 0.001676
3702 0.001677
3703 0.001677
3704 0.001677
3705 0.001677
3706 0.001676
3707 0.001677
3708 0.001677
3709 0.001677
3710 0.001677
3711 0.001676
3712 0.001677
3713 0.001677
3714 0.001677
3715 0.001677
3716 0.001676
3717 0.001677
3718 0.001677
3719 0.001677
3720 0.001677
3721 0.001676
3722 0.001677
3723 0.001677
3724 0.001677
3725 0.001677
3726 0.001676
3727 0.001677
3728 0.001677
3729 0.001677
3730 0.001677
3731 0.001676
3733 0.001677
3734 0.001677
3736 0.001677
3737 0.001677
3739 0.001676
3740 0.001677
3761 0.063059
3762 0.001676
3764 0.001677
3765 0.001677
3767 0.001677
3768 0.001677
3770 0.001676
3771 0.001677
3773 0.001677
3774 0.001677
3775 0.001677
3776 0.001676
3777 0.001677
3778 0.001677
3779 0.001677
3780 0.001677
3781 0.001676
3782 0.001677
3783 0.001677
3784 0.001677
3785 0.001677
3786 0.001676
3787 0.001677
3788 0.001677
3789 0.001677
3790 0.001677
3791 0.001676
3792 0.001677
3793 0.001677
3794 0.001677
3795 0.001677
3796 0.001676
3797 0.001677
3798 0.001677
3799 0.001677
3800 0.001677
3801 0.001676
3802 0.001677
3803 0.001677
3804 0.001677
3805 0.001677
3806 0.001676
3807 0.001677
3808 0.001677
3809 0.001677
3810 0.001677
3812 0.001676
3813 0.001677
3814 0.001677
3816 0.001677
3817 0.001677
3819 0.001676
3820 0.001677
3822 0.001677
3823 0.001677
3843 0.061382
3844 0.001676
3846 0.001677
3847 0.001677
3849 0.001677
3850 0.001677
3852 0.001676
3853 0.001677
3855 0.001677
3856 0.001677
3858 0.001677
3859 0.001676
3860 0.001677
3861 0.001677
3862 0.001677
3863 0.001677
3864 0.001676
3865 0.001677
3866 0.001677
3867 0.001677
3868 0.001677
3869 0.001676
3870 0.001677
3871 0.001677
3872 0.001677
3873 0.001677
3874 0.001676
3875 0.001677
3876 0.001677
3877 0.001677
3878 0.001677
3879 0.001676
3880 0.001677
3881 0.001677
3882 0.001677
3883 0.001677
3884 0.001676
3885 0.001677
3886 0.001677
3887 0.001677
3888 0.001677
3889 0.001676
3890 0.001677
3891 0.001677
3892 0.001677
3893 0.001677
3894 0.001676
3895 0.001677
3897 0.001677
3898 0.001677
3899 0.001677
3900 0.001676
3902 0.001677
3903 0.001677
3905 0.001677
3906 0.001677
3908 0.001676
3909 0.001677
3929 0.058028
3930 0.001677
3932 0.001677
3933 0.001677
3935 0.001677
3936 0.001676
3938 0.001677
3939 0.001677
3941 0.001677
3942 0.001677
3944 0.001676
3945 0.001677
3947 0.001677
3948 0.001677
3949 0.001677
3950 0.001676
3951 0.001677
3952 0.001677
3953 0.001677
3954 0.001677
3955 0.001676
3956 0.001677
3957 0.001677
3958 0.001677
3959 0.001677
3960 0.001676
3961 0.001677
3962 0.001677
3963 0.001677
3964 0.001677
3965 0.001676
3966 0.001677
3967 0.001677
3968 0.001677
3969 0.001677
3970 0.001676
3971 0.001677
3972 0.001677
3973 0.001677
3974 0.001677
3975 0.001676
3976 0.001677
3977 0.001677
3978 0.001677
3979 0.001677
3980 0.001676
3981 0.001677
3982 0.001677
3984 0.001677
3985 0.001677
3987 0.001676
3988 0.001677
3989 0.001677
3991 0.001677
3992 0.001677
3994 0.001676
3995 0.001677
3997 0.001677
3998 0.001677
4017 0.056351
4018 0.001677
4020 0.001677
4021 0.001677
4023 0.001676
4024 0.001677
4026 0.001677
4027 0.001677
4029 0.001677
4030 0.001676
4032 0.001677
4033 0.001677
4035 0.001677
4036 0.001677
4037 0.001676
4038 0.001677
4039 0.001677
4040 0.001677
4041 0.001677
4042 0.001676
4043 0.001677
4044 0.001677
4045 0.001677
4046 0.001677
4047 0.001676
4048 0.001677
4049 0.001677
4050 0.001677
4051 0.001677
4052 0.001676
4053 0.001677
4054 0.001677
4055 0.001677
4056 0.001677
4057 0.001676
4058 0.001677
4059 0.001677
4060 0.001677
4061 0.001677
4062 0.001676
4063 0.001677
4064 0.001677
4065 0.001677
4066 0.001677
4067 0.001676
4068 0.001677
4070 0.001677
4071 0.001677
4073 0.001677
4074 0.001676
4076 0.001677
4077 0.001677
4078 0.001677
4080 0.001677
4081 0.001676
4083 0.001677
4084 0.001677
4086 0.001677
4087 0.001677
4105 0.054674
4106 0.001677
4108 0.001677
4109 0.001677
4111 0.001676
4112 0.001677
4114 0.001677
4115 0.001677
4117 0.001677
4118 0.001676
4120 0.001677
4121 0.001677
4123 0.001677
4124 0.001677
4126 0.001676
4127 0.001677
4128 0.001677
4129 0.001677
4130 0.001677
4131 0.001676
4132 0.001677
4133 0.001677
4134 0.001677
4135 0.001677
4136 0.001676
4137 0.001677
4138 0.001677
4139 0.001677
4140 0.001677
4141 0.001676
4142 0.001677
4143 0.001677
4144 0.001677
4145 0.001677
4146 0.001676
4147 0.001677
4148 0.001677
4149 0.001677
4150 0.001677
4151 0.001676
4152 0.001677
4153 0.001677
4154 0.001677
4155 0.001677
4156 0.001676
4157 0.001677
4158 0.001677
4159 0.001677
4161 0.001677
4162 0.001676
4164 0.001677
4165 0.001677
4167 0.001677
4168 0.001677
4169 0.001676
4170 0.001677
4172 0.001677
4173 0.001677
4175 0.001677
4176 0.001676
4178 0.001677
4179 0.001677
4197 0.051321
4198 0.001677
4200 0.001676
4201 0.001677
4203 0.001677
4204 0.001677
4206 0.001677
4207 0.001676
4209 0.001677
4210 0.001677
4212 0.001677
4213 0.001677
4215 0.001676
4216 0.001677
4218 0.001677
4219 0.001677
4221 0.001677
4222 0.001676
4223 0.001677
4224 0.001677
4225 0.001677
4226 0.001677
4227 0.001676
4228 0.001677
4229 0.001677
4230 0.001677
4231 0.001677
4232 0.001676
4233 0.001677
4234 0.001677
4235 0.001677
4236 0.001677
4237 0.001676
4238 0.001677
4239 0.001677
4240 0.001677
4241 0.001677
4242 0.001676
4243 0.001677
4244 0.001677
4245 0.001677
4246 0.001677
4247 0.001676
4248 0.001677
4249 0.001677
4250 0.001677
4251 0.001677
4252 0.001676
4254 0.001677
4255 0.001677
4257 0.001677
4258 0.001677
4260 0.001676
4261 0.001677
4263 0.001677
4264 0.001677
4265 0.001677
4267 0.001676
4268 0.001677
4270 0.001677
4271 0.001677
4273 0.001677
4274 0.001676
4291 0.049645
4292 0.001676
4294 0.001677
4295 0.001677
4297 0.001677
4298 0.001677
4300 0.001676
4301 0.001677
4303 0.001677
4304 0.001677
4306 0.001677
4307 0.001676
4309 0.001677
4310 0.001677
4312 0.001677
4313 0.001677
4315 0.001676
4316 0.001677
4317 0.001677
4318 0.001677
4319 0.001677
4320 0.001676
4321 0.001677
4322 0.001677
4323 0.001677
4324 0.001677
4325 0.001676
4326 0.001677
4327 0.001677
4328 0.001677
4329 0.001677
4330 0.001676
4331 0.001677
4332 0.001677
4333 0.001677
4334 0.001677
4335 0.001676
4336 0.001677
4337 0.001677
4338 0.001677
4339 0.001677
4340 0.001676
4341 0.001677
4342 0.001677
4343 0.001677
4344 0.001677
4346 0.001676
4347 0.001677
4349 0.001677
4350 0.001677
4352 0.001677
4353 0.001676
4355 0.001677
4356 0.001677
4358 0.001677
4359 0.001677
4360 0.001676
4362 0.001677
4363 0.001677
4365 0.001677
4366 0.001677
4368 0.001676
4369 0.001677
4385 0.047968
4386 0.001676
4388 0.001677
4389 0.001677
4391 0.001677
4392 0.001677
4394 0.001676
4395 0.001677
4397 0.001677
4398 0.001677
4400 0.001677
4401 0.001676
4403 0.001677
4404 0.001677
4406 0.001677
4407 0.001677
4409 0.001676
4410 0.001677
4412 0.001677
4413 0.001677
4414 0.001677
4415 0.001676
4416 0.001677
4417 0.001677
4418 0.001677
4419 0.001677
4420 0.001676
4421 0.001677
4422 0.001677
4423 0.001677
4424 0.001677
4425 0.001676
4426 0.001677
4427 0.001677
4428 0.001677
4429 0.001677
4430 0.001676
4431 0.001677
4432 0.001677
4433 0.001677
4434 0.001677
4435 0.001676
4436 0.001677
4437 0.001677
4438 0.001677
4439 0.001677
4440 0.001676
4441 0.001677
4443 0.001677
4444 0.001677
4446 0.001677
4447 0.001676
4449 0.001677
4450 0.001677
4452 0.001677
4453 0.001677
4455 0.001676
4456 0.001677
4458 0.001677
4459 0.001677
4461 0.001677
4462 0.001676
4464 0.001677
4465 0.001677
4481 0.047967
4482 0.001677
4484 0.001677
4485 0.001677
4487 0.001677
4488 0.001676
4490 0.001677
4491 0.001677
4493 0.001677
4494 0.001677
4496 0.001676
4497 0.001677
4499 0.001677
4500 0.001677
4502 0.001677
4503 0.001676
4505 0.001677
4506 0.001677
4508 0.001677
4509 0.001677
4510 0.001676
4511 0.001677
4512 0.001677
4513 0.001677
4514 0.001677
4515 0.001676
4516 0.001677
4517 0.001677
4518 0.001677
4519 0.001677
4520 0.001676
4521 0.001677
4522 0.001677
4523 0.001677
4524 0.001677
4525 0.001676
4526 0.001677
4527 0.001677
4528 0.001677
4529 0.001677
4530 0.001676
4531 0.001677
4532 0.001677
4533 0.001677
4534 0.001677
4535 0.001676
4536 0.001677
4537 0.001677
4539 0.001677
4540 0.001677
4542 0.001676
4543 0.001677
4545 0.001677
4546 0.001677
4548 0.001677
4549 0.001676
4551 0.001677
4552 0.001677
4554 0.001677
4555 0.001677
4557 0.001676
4558 0.001677
4560 0.001677
4561 0.001677
4577 0.047967
4578 0.001677
4580 0.001677
4581 0.001677
4583 0.001676
4584 0.001677
4586 0.001677
4587 0.001677
4589 0.001677
4590 0.001676
4592 0.001677
4593 0.001677
4595 0.001677
4596 0.001677
4598 0.001676
4599 0.001677
4601 0.001677
4602 0.001677
4604 0.001677
4605 0.001676
4606 0.001677
4607 0.001677
4608 0.001677
4609 0.001677
4610 0.001676
4611 0.001677
4612 0.001677
4613 0.001677
4614 0.001677
4615 0.001676
4616 0.001677
4617 0.001677
4618 0.001677
4619 0.001677
4620 0.001676
4621 0.001677
4622 0.001677
4623 0.001677
4624 0.001677
4625 0.001676
4626 0.001677
4627 0.001677
4628 0.001677
4629 0.001677
4630 0.001676
4631 0.001677
4632 0.001677
4633 0.001677
4635 0.001677
4636 0.001676
4638 0.001677
4639 0.001677
4641 0.001677
4642 0.001677
4644 0.001676
4645 0.001677
4647 0.001677
4648 0.001677
4650 0.001677
4651 0.001676
4653 0.001677
4654 0.001677
4656 0.001677
4657 0.001677
4673 0.047967
4674 0.001677
4676 0.001676
4677 0.001677
4679 0.001677
4680 0.001677
4682 0.001677
4683 0.001676
4685 0.001677
4686 0.001677
4688 0.001677
4689 0.001677
4691 0.001676
4692 0.001677
4694 0.001677
4695 0.001677
4697 0.001677
4698 0.001676
4700 0.001677
4701 0.001677
4702 0.001677
4703 0.001677
4704 0.001676
4705 0.001677
4706 0.001677
4707 0.001677
4708 0.001677
4709 0.001676
4710 0.001677
4711 0.001677
4712 0.001677
4713 0.001677
4714 0.001676
4715 0.001677
4716 0.001677
4717 0.001677
4718 0.001677
4719 0.001676
4720 0.001677
4721 0.001677
4722 0.001677
4723 0.001677
4724 0.001676
4725 0.001677
4726 0.001677
4727 0.001677
4728 0.001677
4729 0.001676
4731 0.001677
4732 0.001677
4734 0.001677
4735 0.001677
4737 0.001676
4738 0.001677
4740 0.001677
4741 0.001677
4743 0.001677
4744 0.001676
4746 0.001677
4747 0.001677
4749 0.001677
4750 0.001677
4752 0.001676
4753 0.001677
4769 0.047968
4770 0.001676
4772 0.001677
4773 0.001677
4775 0.001677
4776 0.001677
4778 0.001676
4779 0.001677
4781 0.001677
4782 0.001677
4784 0.001677
4785 0.001676
4787 0.001677
4788 0.001677
4790 0.001677
4791 0.001677
4793 0.001676
4794 0.001677
4796 0.001677
4797 0.001677
4798 0.001677
4799 0.001676
4800 0.001677
4801 0.001677
4802 0.001677
4803 0.001677
4804 0.001676
4805 0.001677
4806 0.001677
4807 0.001677
4808 0.001677
4809 0.001676
4810 0.001677
4811 0.001677
4812 0.001677
4813 0.001677
4814 0.001676
4815 0.001677
4816 0.001677
4817 0.001677
4818 0.001677
4819 0.001676
4820 0.001677
4821 0.001677
4822 0.001677
4823 0.001677
4824 0.001676
4825 0.001677
4827 0.001677
4828 0.001677
4830 0.001677
4831 0.001676
4833 0.001677
4834 0.001677
4836 0.001677
4837 0.001677
4839 0.001676
4840 0.001677
4842 0.001677
4843 0.001677
4845 0.001677
4846 0.001676
4848 0.001677
4849 0.001677
4865 0.047967
4866 0.001677
4868 0.001677
4869 0.001677
4871 0.001677
4872 0.001676
4874 0.001677
4875 0.001677
4877 0.001677
4878 0.001677
4880 0.001676
4881 0.001677
4883 0.001677
4884 0.001677
4886 0.001677
4887 0.001676
4889 0.001677
4890 0.001677
4892 0.001677
4893 0.001677
4894 0.001676
4895 0.001677
4896 0.001677
4897 0.001677
4898 0.001677
4899 0.001676
4900 0.001677
4901 0.001677
4902 0.001677
4903 0.001677
4904 0.001676
4905 0.001677
4906 0.001677
4907 0.001677
4908 0.001677
4909 0.001676
4910 0.001677
4911 0.001677
4912 0.001677
4913 0.001677
4914 0.001676
4915 0.001677
4916 0.001677
4917 0.001677
4918 0.001677
4919 0.001676
4920 0.001677
4921 0.001677
4923 0.001677
4924 0.001677
4926 0.001676
4927 0.001677
4929 0.001677
4930 0.001677
4932 0.001677
4933 0.001676
4935 0.001677
4936 0.001677
4938 0.001677
4939 0.001677
4941 0.001676
4942 0.001677
4944 0.001677
4945 0.001677
4961 0.047967
4962 0.001677
4964 0.001677
4965 0.001677
4967 0.001676
4968 0.001677
4970 0.001677
4971 0.001677
4973 0.001677
4974 0.001676
4976 0.001677
4977 0.001677
4979 0.001677
4980 0.001677
4982 0.001676
4983 0.001677
4985 0.001677
4986 0.001677
4988 0.001677
4989 0.001676
4990 0.001677
4991 0.001677
4992 0.001677
4993 0.001677
4994 0.001676
4995 0.001677
4996 0.001677
4997 0.001677
4998 0.001677
4999 0.001676
5000 0.001677
5001 0.001677
5002 0.001677
5003 0.001677
5004 0.001676
5005 0.001677
5006 0.001677
5007 0.001677
5008 0.001677
5009 0.001676
5010 0.001677
5011 0.001677
5012 0.001677
5013 0.001677
5014 0.001676
5015 0.001677
5016 0.001677
5017 0.001677
5019 0.001677
5020 0.001676
5022 0.001677
5023 0.001677
5025 0.001677
5026 0.001677
5028 0.001676
5029 0.001677
5031 0.001677
5032 0.001677
5034 0.001677
5035 0.001676
5037 0.001677
5038 0.001677
5040 0.001677
5041 0.001677
5057 0.047967
5058 0.001677
5060 0.001677
5061 0.001676
5063 0.001677
5064 0.001677
5066 0.001677
5067 0.001677
5069 0.001676
5070 0.001677
5072 0.001677
5073 0.001677
5075 0.001677
5076 0.001676
5078 0.001677
5079 0.001677
5081 0.001677
5082 0.001677
5084 0.001676
5085 0.001677
5086 0.001677
5087 0.001677
5088 0.001677
5089 0.001676
5090 0.001677
5091 0.001677
5092 0.001677
5093 0.001677
5094 0.001676
5095 0.001677
5096 0.001677
5097 0.001677
5098 0.001677
5099 0.001676
5100 0.001677
5101 0.001677
5102 0.001677
5103 0.001677
5104 0.001676
5105 0.001677
5106 0.001677
5107 0.001677
5108 0.001677
5109 0.001676
5110 0.001677
5111 0.001677
5112 0.001677
5113 0.001677
5115 0.001676
5116 0.001677
5118 0.001677
5119 0.001677
5121 0.001677
5122 0.001676
5124 0.001677
5125 0.001677
5127 0.001677
5128 0.001677
5130 0.001676
5131 0.001677
5133 0.001677
5134 0.001677
5136 0.001677
5137 0.001676
5153 0.047968
5154 0.001676
5156 0.001677
5157 0.001677
5159 0.001677
5160 0.001677
5162 0.001676
5163 0.001677
5165 0.001677
5166 0.001677
5168 0.001677
5169 0.001676
5171 0.001677
5172 0.001677
5174 0.001677
5175 0.001677
5177 0.001676
5178 0.001677
5180 0.001677
5181 0.001677
5182 0.001677
5183 0.001676
5184 0.001677
5185 0.001677
5186 0.001677
5187 0.001677
5188 0.001676
5189 0.001677
5190 0.001677
5191 0.001677
5192 0.001677
5193 0.001676
5194 0.001677
5195 0.001677
5196 0.001677
5197 0.001677
5198 0.001676
5199 0.001677
5200 0.001677
5201 0.001677
5202 0.001677
5203 0.001676
5204 0.001677
5205 0.001677
5206 0.001677
5207 0.001677
5208 0.001676
5209 0.001677
5211 0.001677
5212 0.001677
5214 0.001677
5215 0.001676
5217 0.001677
5218 0.001677
5220 0.001677
5221 0.001677
5223 0.001676
5224 0.001677
5226 0.001677
5227 0.001677
5229 0.001677
5230 0.001676
5232 0.001677
5233 0.001677
5249 0.047967
5250 0.001677
5252 0.001677
5253 0.001677
5255 0.001677
5256 0.001676
5258 0.001677
5259 0.001677
5261 0.001677
5262 0.001677
5264 0.001676
5265 0.001677
5267 0.001677
5268 0.001677
5270 0.001677
5271 0.001676
5273 0.001677
5274 0.001677
5276 0.001677
5277 0.001677
5278 0.001676
5279 0.001677
5280 0.001677
5281 0.001677
5282 0.001677
5283 0.001676
5284 0.001677
5285 0.001677
5286 0.001677
5287 0.001677
5288 0.001676
5289 0.001677
5290 0.001677
5291 0.001677
5292 0.001677
5293 0.001676
5294 0.001677
5295 0.001677
5296 0.001677
5297 0.001677
5298 0.001676
5299 0.001677
5300 0.001677
5301 0.001677
5302 0.001677
5303 0.001676
5304 0.001677
5305 0.001677
5307 0.001677
5308 0.001677
5310 0.001676
5311 0.001677
5313 0.001677
5314 0.001677
5316 0.001677
5317 0.001676
5319 0.001677
5320 0.001677
5322 0.001677
5323 0.001677
5325 0.001676
5326 0.001677
5328 0.001677
5329 0.001677
5345 0.047967
5346 0.001677
5348 0.001677
5349 0.001677
5351 0.001676
5352 0.001677
5354 0.001677
5355 0.001677
5357 0.001677
5358 0.001676
5360 0.001677
5361 0.001677
5363 0.001677
5364 0.001677
5366 0.001676
5367 0.001677
5369 0.001677
5370 0.001677
5372 0.001677
5373 0.001676
5374 0.001677
5375 0.001677
5376 0.001677
5377 0.001677
5378 0.001676
5379 0.001677
5380 0.001677
5381 0.001677
5382 0.001677
5383 0.001676
5384 0.001677
5385 0.001677
5386 0.001677
5387 0.001677
5388 0.001676
5389 0.001677
5390 0.001677
5391 0.001677
5392 0.001677
5393 0.001676
5394 0.001677
5395 0.001677
5396 0.001677
5397 0.001677
5398 0.001676
5399 0.001677
5400 0.001677
5401 0.001677
5403 0.001677
5404 0.001676
5406 0.001677
5407 0.001677
5409 0.001677
5410 0.001677
5412 0.001676
5413 0.001677
5415 0.001677
5416 0.001677
5418 0.001677
5419 0.001676
5421 0.001677
5422 0.001677
5424 0.001677
5425 0.001677
5441 0.047967
5442 0.001677
5444 0.001677
5445 0.001676
5447 0.001677
5448 0.001677
5450 0.001677
5451 0.001677
5453 0.001676
5454 0.001677
5456 0.001677
5457 0.001677
5459 0.001677
5460 0.001676
5462 0.001677
5463 0.001677
5465 0.001677
5466 0.001677
5468 0.001676
5469 0.001677
5470 0.001677
5471 0.001677
5472 0.001677
5473 0.001676
5474 0.001677
5475 0.001677
5476 0.001677
5477 0.001677
5478 0.001676
5479 0.001677
5480 0.001677
5481 0.001677
5482 0.001677
5483 0.001676
5484 0.001677
5485 0.001677
5486 0.001677
5487 0.001677
5488 0.001676
5489 0.001677
5490 0.001677
5491 0.001677
5492 0.001677
5493 0.001676
5494 0.001677
5495 0.001677
5496 0.001677
5497 0.001677
5499 0.001676
5500 0.001677
5502 0.001677
5503 0.001677
5505 0.001677
5506 0.001676
5508 0.001677
5509 0.001677
5511 0.001677
5512 0.001677
5514 0.001676
5515 0.001677
5517 0.001677
5518 0.001677
5520 0.001677
5521 0.001676
5537 0.047968
5538 0.001677
5540 0.001676
5541 0.001677
5543 0.001677
5544 0.001677
5546 0.001677
5547 0.001676
5549 0.001677
5550 0.001677
5552 0.001677
5553 0.001677
5555 0.001676
5556 0.001677
5558 0.001677
5559 0.001677
5561 0.001677
5562 0.001676
5564 0.001677
5565 0.001677
5566 0.001677
5567 0.001677
5568 0.001676
5569 0.001677
5570 0.001677
5571 0.001677
5572 0.001677
5573 0.001676
5574 0.001677
5575 0.001677
5576 0.001677
5577 0.001677
5578 0.001676
5579 0.001677
5580 0.001677
5581 0.001677
5582 0.001677
5583 0.001676
5584 0.001677
5585 0.001677
5586 0.001677
5587 0.001677
5588 0.001676
5589 0.001677
5590 0.001677
5591 0.001677
5592 0.001677
5593 0.001676
5595 0.001677
5596 0.001677
5598 0.001677
5599 0.001677
5601 0.001676
5602 0.001677
5604 0.001677
5605 0.001677
5607 0.001677
5608 0.001676
5610 0.001677
5611 0.001677
5613 0.001677
5614 0.001677
5616 0.001676
5617 0.001677
5633 0.047967
5634 0.001677
5636 0.001677
5637 0.001677
5639 0.001677
5640 0.001676
5642 0.001677
5643 0.001677
5645 0.001677
5646 0.001677
5648 0.001676
5649 0.001677
5651 0.001677
5652 0.001677
5654 0.001677
5655 0.001676
5657 0.001677
5658 0.001677
5660 0.001677
5661 0.001677
5662 0.001676
5663 0.001677
5664 0.001677
5665 0.001677
5666 0.001677
5667 0.001676
5668 0.001677
5669 0.001677
5670 0.001677
5671 0.001677
5672 0.001676
5673 0.001677
5674 0.001677
5675 0.001677
5676 0.001677
5677 0.001676
5678 0.001677
5679 0.001677
5680 0.001677
5681 0.001677
5682 0.001676
5683 0.001677
5684 0.001677
5685 0.001677
5686 0.001677
5687 0.001676
5688 0.001677
5689 0.001677
5691 0.001677
5692 0.001677
5694 0.001676
5695 0.001677
5697 0.001677
5698 0.001677
5700 0.001677
5701 0.001676
5703 0.001677
5704 0.001677
5706 0.001677
5707 0.001677
5709 0.001676
5710 0.001677
5712 0.001677
5713 0.001677
5729 0.047967
5730 0.001677
5732 0.001677
5733 0.001677
5735 0.001676
5736 0.001677
5738 0.001677
5739 0.001677
5741 0.001677
5742 0.001676
5744 0.001677
5745 0.001677
5747 0.001677
5748 0.001677
5750 0.001676
5751 0.001677
5753 0.001677
5754 0.001677
5756 0.001677
5757 0.001676
5758 0.001677
5759 0.001677
5760 0.001677
5761 0.001677
5762 0.001676
5763 0.001677
5764 0.001677
5765 0.001677
5766 0.001677
5767 0.001676
5768 0.001677
5769 0.001677
5770 0.001677
5771 0.001677
5772 0.001676
5773 0.001677
5774 0.001677
5775 0.001677
5776 0.001677
5777 0.001676
5778 0.001677
5779 0.001677
5780 0.001677
5781 0.001677
5782 0.001676
5783 0.001677
5784 0.001677
5785 0.001677
5787 0.001677
5788 0.001676
5790 0.001677
5791 0.001677
5793 0.001677
5794 0.001677
5796 0.001676
5797 0.001677
5799 0.001677
5800 0.001677
5802 0.001677
5803 0.001676
5805 0.001677
5806 0.001677
5808 0.001677
5809 0.001677
5825 0.047967
5826 0.001677
5828 0.001677
5829 0.001676
5831 0.001677
5832 0.001677
5834 0.001677
5835 0.001677
5837 0.001676
5838 0.001677
5840 0.001677
5841 0.001677
5843 0.001677
5844 0.001676
5846 0.001677
5847 0.001677
5849 0.001677
5850 0.001677
5852 0.001676
5853 0.001677
5854 0.001677
5855 0.001677
5856 0.001677
5857 0.001676
5858 0.001677
5859 0.001677
5860 0.001677
5861 0.001677
5862 0.001676
5863 0.001677
5864 0.001677
5865 0.001677
5866 0.001677
5867 0.001676
5868 0.001677
5869 0.001677
5870 0.001677
5871 0.001677
5872 0.001676
5873 0.001677
5874 0.001677
5875 0.001677
5876 0.001677
5877 0.001676
5878 0.001677
5879 0.001677
5880 0.001677
5881 0.001677
5883 0.001676
5884 0.001677
5886 0.001677
5887 0.001677
5889 0.001677
5890 0.001676
5892 0.001677
5893 0.001677
5895 0.001677
5896 0.001677
5898 0.001676
5899 0.001677
5901 0.001677
5902 0.001677
5904 0.001677
5905 0.001676
5921 0.047968
5922 0.001677
5924 0.001676
5925 0.001677
5927 0.001677
5928 0.001677
5930 0.001677
5931 0.001676
5933 0.001677
5934 0.001677
5936 0.001677
5937 0.001677
5939 0.001676
5940 0.001677
5942 0.001677
5943 0.001677
5945 0.001677
5946 0.001676
5948 0.001677
5949 0.001677
5950 0.001677
5951 0.001677
5952 0.001676
5953 0.001677
5954 0.001677
5955 0.001677
5956 0.001677
5957 0.001676
5958 0.001677
5959 0.001677
5960 0.001677
5961 0.001677
5962 0.001676
5963 0.001677
5964 0.001677
5965 0.001677
5966 0.001677
5967 0.001676
5968 0.001677
5969 0.001677
5970 0.001677
5971 0.001677
5972 0.001676
5973 0.001677
5974 0.001677
5975 0.001677
5976 0.001677
5977 0.001676
5979 0.001677
5980 0.001677
5982 0.001677
5983 0.001677
5985 0.001676
5986 0.001677
5988 0.001677
5989 0.001677
5991 0.001677
5992 0.001676
5994 0.001677
5995 0.001677
5997 0.001677
5998 0.001677
6000 0.001676
6001 0.001677
6017 0.047968
6018 0.001676
6020 0.001677
6021 0.001677
6023 0.001677
6024 0.001677
6026 0.001676
6027 0.001677
6029 0.001677
6030 0.001677
6032 0.001677
6033 0.001676
6035 0.001677
6036 0.001677
6038 0.001677
6039 0.001677
6041 0.001676
6042 0.001677
6044 0.001677
6045 0.001677
6046 0.001677
6047 0.001676
6048 0.001677
6049 0.001677
6050 0.001677
6051 0.001677
6052 0.001676
6053 0.001677
6054 0.001677
6055 0.001677
6056 0.001677
6057 0.001676
6058 0.001677
6059 0.001677
6060 0.001677
6061 0.001677
6062 0.001676
6063 0.001677
6064 0.001677
6065 0.001677
6066 0.001677
6067 0.001676
6068 0.001677
6069 0.001677
6070 0.001677
6071 0.001677
6072 0.001676
6073 0.001677
6075 0.001677
6076 0.001677
6078 0.001677
6079 0.001676
6081 0.001677
6082 0.001677
6084 0.001677
6085 0.001677
6087 0.001676
6088 0.001677
6090 0.001677
6091 0.001677
6093 0.001677
6094 0.001676
6096 0.001677
6097 0.001677
6113 0.047967
6114 0.001677
6116 0.001677
6117 0.001677
6119 0.001676
6120 0.001677
6122 0.001677
6123 0.001677
6125 0.001677
6126 0.001676
6128 0.001677
6129 0.001677
6131 0.001677
6132 0.001677
6134 0.001676
6135 0.001677
6137 0.001677
6138 0.001677
6140 0.001677
6141 0.001676
6142 0.001677
6143 0.001677
6144 0.001677
6145 0.001677
6146 0.001676
6147 0.001677
6148 0.001677
6149 0.001677
6150 0.001677
6151 0.001676
6152 0.001677
6153 0.001677
6154 0.001677
6155 0.001677
6156 0.001676
6157 0.001677
6158 0.001677
6159 0.001677
6160 0.001677
6161 0.001676
6162 0.001677
6163 0.001677
6164 0.001677
6165 0.001677
6166 0.001676
6167 0.001677
6168 0.001677
6169 0.001677
6171 0.001677
6172 0.001676
6174 0.001677
6175 0.001677
6177 0.001677
6178 0.001677
6180 0.001676
6181 0.001677
6183 0.001677
6184 0.001677
6186 0.001677
6187 0.001676
6189 0.001677
6190 0.001677
6192 0.001677
6193 0.001677
6209 0.047967
6210 0.001677
6212 0.001677
6213 0.001676
6215 0.001677
6216 0.001677
6218 0.001677
6219 0.001677
6221 0.001676
6222 0.001677
6224 0.001677
6225 0.001677
6227 0.001677
6228 0.001676
6230 0.001677
6231 0.001677
6233 0.001677
6234 0.001677
6236 0.001676
6237 0.001677
6238 0.001677
6239 0.001677
6240 0.001677
6241 0.001676
6242 0.001677
6243 0.001677
6244 0.001677
6245 0.001677
6246 0.001676
6247 0.001677
6248 0.001677
6249 0.001677
6250 0.001677
6251 0.001676
6252 0.001677
6253 0.001677
6254 0.001677
6255 0.001677
6256 0.001676
6257 0.001677
6258 0.001677
6259 0.001677
6260 0.001677
6261 0.001676
6262 0.001677
6263 0.001677
6264 0.001677
6265 0.001677
6267 0.001676
6268 0.001677
6270 0.001677
6271 0.001677
6273 0.001677
6274 0.001676
6276 0.001677
6277 0.001677
6279 0.001677
6280 0.001677
6282 0.001676
6283 0.001677
6285 0.001677
6286 0.001677
6288 0.001677
6289 0.001676
6305 0.047968
6306 0.001677
6308 0.001676
6309 0.001677
6311 0.001677
6312 0.001677
6314 0.001677
6315 0.001676
6317 0.001677
6318 0.001677
6320 0.001677
6321 0.001677
6323 0.001676
6324 0.001677
6326 0.001677
6327 0.001677
6329 0.001677
6330 0.001676
6332 0.001677
6333 0.001677
6334 0.001677
6335 0.001677
6336 0.001676
6337 0.001677
6338 0.001677
6339 0.001677
6340 0.001677
6341 0.001676
6342 0.001677
6343 0.001677
6344 0.001677
6345 0.001677
6346 0.001676
6347 0.001677
6348 0.001677
6349 0.001677
6350 0.001677
6351 0.001676
6352 0.001677
6353 0.001677
6354 0.001677
6355 0.001677
6356 0.001676
6357 0.001677
6358 0.001677
6359 0.001677
6360 0.001677
6361 0.001676
6363 0.001677
6364 0.001677
6366 0.001677
6367 0.001677
6369 0.001676
6370 0.001677
6372 0.001677
6373 0.001677
6375 0.001677
6376 0.001676
6378 0.001677
6379 0.001677
6381 0.001677
6382 0.001677
6384 0.001676
6385 0.001677
6401 0.047968
6402 0.001676
6404 0.001677
6405 0.001677
6407 0.001677
6408 0.001677
6410 0.001676
6411 0.001677
6413 0.001677
6414 0.001677
6416 0.001677
6417 0.001676
6419 0.001677
6420 0.001677
6422 0.001677
6423 0.001677
6425 0.001676
6426 0.001677
6428 0.001677
6429 0.001677
6430 0.001677
6431 0.001676
6432 0.001677
6433 0.001677
6434 0.001677
6435 0.001677
6436 0.001676
6437 0.001677
6438 0.001677
6439 0.001677
6440 0.001677
6441 0.001676
6442 0.001677
6443 0.001677
6444 0.001677
6445 0.001677
6446 0.001676
6447 0.001677
6448 0.001677
6449 0.001677
6450 0.001677
6451 0.001676
6452 0.001677
6453 0.001677
6454 0.001677
6455 0.001677
6456 0.001676
6457 0.001677
6459 0.001677
6460 0.001677
6462 0.001677
6463 0.001676
6465 0.001677
6466 0.001677
6468 0.001677
6469 0.001677
6471 0.001676
6472 0.001677
6474 0.001677
6475 0.001677
6477 0.001677
6478 0.001676
6480 0.001677
6481 0.001677
6497 0.047967
6498 0.001677
6500 0.001677
6501 0.001677
6503 0.001677
6504 0.001676
6506 0.001677
6507 0.001677
6509 0.001677
6510 0.001677
6512 0.001676
6513 0.001677
6515 0.001677
6516 0.001677
6518 0.001677
6519 0.001676
6521 0.001677
6522 0.001677
6524 0.001677
6525 0.001677
6526 0.001676
6527 0.001677
6528 0.001677
6529 0.001677
6530 0.001677
6531 0.001676
6532 0.001677
6533 0.001677
6534 0.001677
6535 0.001677
6536 0.001676
6537 0.001677
6538 0.001677
6539 0.001677
6540 0.001677
6541 0.001676
6542 0.001677
6543 0.001677
6544 0.001677
6545 0.001677
6546 0.001676
6547 0.001677
6548 0.001677
6549 0.001677
6550 0.001677
6551 0.001676
6552 0.001677
6553 0.001677
6555 0.001677
6556 0.001677
6558 0.001676
6559 0.001677
6561 0.001677
6562 0.001677
6564 0.001677
6565 0.001676
6567 0.001677
6568 0.001677
6570 0.001677
6571 0.001677
6573 0.001676
6574 0.001677
6576 0.001677
6577 0.001677
6593 0.047967
6594 0.001677
6596 0.001677
6597 0.001676
6599 0.001677
6600 0.001677
6602 0.001677
6603 0.001677
6605 0.001676
6606 0.001677
6608 0.001677
6609 0.001677
6611 0.001677
6612 0.001676
6614 0.001677
6615 0.001677
6617 0.001677
6618 0.001677
6620 0.001676
6621 0.001677
6622 0.001677
6623 0.001677
6624 0.001677
6625 0.001676
6626 0.001677
6627 0.001677
6628 0.001677
6629 0.001677
6630 0.001676
6631 0.001677
6632 0.001677
6633 0.001677
6634 0.001677
6635 0.001676
6636 0.001677
6637 0.001677
6638 0.001677
6639 0.001677
6640 0.001676
6641 0.001677
6642 0.001677
6643 0.001677
6644 0.001677
6645 0.001676
6646 0.001677
6647 0.001677
6648 0.001677
6649 0.001677
6651 0.001676
6652 0.001677
6654 0.001677
6655 0.001677
6657 0.001677
6658 0.001676
6660 0.001677
6661 0.001677
6663 0.001677
6664 0.001677
6666 0.001676
6667 0.001677
6669 0.001677
6670 0.001677
6672 0.001677
6673 0.001676
6689 0.047968
6690 0.001677
6692 0.001676
6693 0.001677
6695 0.001677
6696 0.001677
6698 0.001677
6699 0.001676
6701 0.001677
6702 0.001677
6704 0.001677
6705 0.001677
6707 0.001676
6708 0.001677
6710 0.001677
6711 0.001677
6713 0.001677
6714 0.001676
6716 0.001677
6717 0.001677
6718 0.001677
6719 0.001677
6720 0.001676
6721 0.001677
6722 0.001677
6723 0.001677
6724 0.001677
6725 0.001676
6726 0.001677
6727 0.001677
6728 0.001677
6729 0.001677
6730 0.001676
6731 0.001677
6732 0.001677
6733 0.001677
6734 0.001677
6735 0.001676
6736 0.001677
6737 0.001677
6738 0.001677
6739 0.001677
6740 0.001676
6741 0.001677
6742 0.001677
6743 0.001677
6744 0.001677
6745 0.001676
6747 0.001677
6748 0.001677
6750 0.001677
6751 0.001677
6753 0.001676
6754 0.001677
6756 0.001677
6757 0.001677
6759 0.001677
6760 0.001676
6762 0.001677
6763 0.001677
6765 0.001677
6766 0.001677
6768 0.001676
6769 0.001677
6785 0.047968
6786 0.001676
6788 0.001677
6789 0.001677
6791 0.001677
6792 0.001677
6794 0.001676
6795 0.001677
6797 0.001677
6798 0.001677
6800 0.001677
6801 0.001676
6803 0.001677
6804 0.001677
6806 0.001677
6807 0.001677
6809 0.001676
6810 0.001677
6812 0.001677
6813 0.001677
6814 0.001677
6815 0.001676
6816 0.001677
6817 0.001677
6818 0.001677
6819 0.001677
6820 0.001676
6821 0.001677
6822 0.001677
6823 0.001677
6824 0.001677
6825 0.001676
6826 0.001677
6827 0.001677
6828 0.001677
6829 0.001677
6830 0.001676
6831 0.001677
6832 0.001677
6833 0.001677
6834 0.001677
6835 0.001676
6836 0.001677
6837 0.001677
6838 0.001677
6839 0.001677
6840 0.001676
6841 0.001677
6843 0.001677
6844 0.001677
6846 0.001677
6847 0.001676
6849 0.001677
6850 0.001677
6852 0.001677
6853 0.001677
6855 0.001676
6856 0.001677
6858 0.001677
6859 0.001677
6861 0.001677
6862 0.001676
6864 0.001677
6865 0.001677
6881 0.047967
6882 0.001677
6884 0.001677
6885 0.001677
6887 0.001677
6888 0.001676
6890 0.001677
6891 0.001677
6893 0.001677
6894 0.001677
6896 0.001676
6897 0.001677
6899 0.001677
6900 0.001677
6902 0.001677
6903 0.001676
6905 0.001677
6906 0.001677
6908 0.001677
6909 0.001677
6910 0.001676
6911 0.001677
6912 0.001677
6913 0.001677
6914 0.001677
6915 0.001676
6916 0.001677
6917 0.001677
6918 0.001677
6919 0.001677
6920 0.001676
6921 0.001677
6922 0.001677
6923 0.001677
6924 0.001677
6925 0.001676
6926 0.001677
6927 0.001677
6928 0.001677
6929 0.001677
6930 0.001676
6931 0.001677
6932 0.001677
6933 0.001677
6934 0.001677
6935 0.001676
6936 0.001677
6937 0.001677
6939 0.001677
6940 0.001677
6942 0.001676
6943 0.001677
6945 0.001677
6946 0.001677
6948 0.001677
6949 0.001676
6951 0.001677
6952 0.001677
6954 0.001677
6955 0.001677
6957 0.001676
6958 0.001677
6960 0.001677
6961 0.001677
6977 0.047967
6978 0.001677
6980 0.001677
6981 0.001677
6983 0.001676
6984 0.001677
6986 0.001677
6987 0.001677
6989 0.001677
6990 0.001676
6992 0.001677
6993 0.001677
6995 0.001677
6996 0.001677
6998 0.001676
6999 0.001677
7001 0.001677
7002 0.001677
7004 0.001677
7005 0.001676
7006 0.001677
7007 0.001677
7008 0.001677
7009 0.001677
7010 0.001676
7011 0.001677
7012 0.001677
7013 0.001677
7014 0.001677
7015 0.001676
7016 0.001677
7017 0.001677
7018 0.001677
7019 0.001677
7020 0.001676
7021 0.001677
7022 0.001677
7023 0.001677
7024 0.001677
7025 0.001676
7026 0.001677
7027 0.001677
7028 0.001677
7029 0.001677
7030 0.001676
7031 0.001677
7032 0.001677
7033 0.001677
7035 0.001677
7036 0.001676
7038 0.001677
7039 0.001677
7041 0.001677
7042 0.001677
7044 0.001676
7045 0.001677
7047 0.001677
7048 0.001677
7050 0.001677
7051 0.001676
7053 0.001677
7054 0.001677
7056 0.001677
7057 0.001677
7073 0.047967
7074 0.001677
7076 0.001676
7077 0.001677
7079 0.001677
7080 0.001677
7082 0.001677
7083 0.001676
7085 0.001677
7086 0.001677
7088 0.001677
7089 0.001677
7091 0.001676
7092 0.001677
7094 0.001677
7095 0.001677
7097 0.001677
7098 0.001676
7100 0.001677
7101 0.001677
7102 0.001677
7103 0.001677
7104 0.001676
7105 0.001677
7106 0.001677
7107 0.001677
7108 0.001677
7109 0.001676
7110 0.001677
7111 0.001677
7112 0.001677
7113 0.001677
7114 0.001676
7115 0.001677
7116 0.001677
7117 0.001677
7118 0.001677
7119 0.001676
7120 0.001677
7121 0.001677
7122 0.001677
7123 0.001677
7124 0.001676
7125 0.001677
7126 0.001677
7127 0.001677
7128 0.001677
7129 0.001676
7131 0.001677
7132 0.001677
7134 0.001677
7135 0.001677
7137 0.001676
7138 0.001677
7140 0.001677
7141 0.001677
7143 0.001677
7144 0.001676
7146 0.001677
7147 0.001677
7149 0.001677
7150 0.001677
7152 0.001676
7153 0.001677
7169 0.047968
7170 0.001676
7172 0.001677
7173 0.001677
7175 0.001677
7176 0.001677
7178 0.001676
7179 0.001677
7181 0.001677
7182 0.001677
7184 0.001677
7185 0.001676
7187 0.001677
7188 0.001677
7190 0.001677
7191 0.001677
7193 0.001676
7194 0.001677
7196 0.001677
7197 0.001677
7198 0.001677
7199 0.001676
7200 0.001677
7201 0.001677
7202 0.001677
7203 0.001677
7204 0.001676
7205 0.001677
7206 0.001677
7207 0.001677
7208 0.001677
7209 0.001676
7210 0.001677
7211 0.001677
7212 0.001677
7213 0.001677
7214 0.001676
7215 0.001677
7216 0.001677
7217 0.001677
7218 0.001677
7219 0.001676
7220 0.001677
7221 0.001677
7222 0.001677
7223 0.001677
7224 0.001676
7225 0.001677
7227 0.001677
7228 0.001677
7230 0.001677
7231 0.001676
7233 0.001677
7234 0.001677
7236 0.001677
7237 0.001677
7239 0.001676
7240 0.001677
7242 0.001677
7243 0.001677
7245 0.001677
7246 0.001676
7248 0.001677
7249 0.001677
7265 0.047967
7266 0.001677
7268 0.001677
7269 0.001677
7271 0.001677
7272 0.001676
7274 0.001677
7275 0.001677
7277 0.001677
7278 0.001677
7280 0.001676
7281 0.001677
7283 0.001677
7284 0.001677
7286 0.001677
7287 0.001676
7289 0.001677
7290 0.001677
7292 0.001677
7293 0.001677
7294 0.001676
7295 0.001677
7296 0.001677
7297 0.001677
7298 0.001677
7299 0.001676
7300 0.001677
7301 0.001677
7302 0.001677
7303 0.001677
7304 0.001676
7305 0.001677
7306 0.001677
7307 0.001677
7308 0.001677
7309 0.001676
7310 0.001677
7311 0.001677
7312 0.001677
7313 0.001677
7314 0.001676
7315 0.001677
7316 0.001677
7317 0.001677
7318 0.001677
7319 0.001676
7320 0.001677
7321 0.001677
7323 0.001677
7324 0.001677
7326 0.001676
7327 0.001677
7329 0.001677
7330 0.001677
7332 0.001677
7333 0.001676
7335 0.001677
7336 0.001677
7338 0.001677
7339 0.001677
7341 0.001676
7342 0.001677
7344 0.001677
7345 0.001677
7361 0.047967
7362 0.001677
7364 0.001677
7365 0.001677
7367 0.001676
7368 0.001677
7370 0.001677
7371 0.001677
7373 0.001677
7374 0.001676
7376 0.001677
7377 0.001677
7379 0.001677
7380 0.001677
7382 0.001676
7383 0.001677
7385 0.001677
7386 0.001677
7388 0.001677
7389 0.001676
7390 0.001677
7391 0.001677
7392 0.001677
7393 0.001677
7394 0.001676
7395 0.001677
7396 0.001677
7397 0.001677
7398 0.001677
7399 0.001676
7400 0.001677
7401 0.001677
7402 0.001677
7403 0.001677
7404 0.001676
7405 0.001677
7406 0.001677
7407 0.001677
7408 0.001677
7409 0.001676
7410 0.001677
7411 0.001677
7412 0.001677
7413 0.001677
7414 0.001676
7415 0.001677
7416 0.001677
7417 0.001677
7419 0.001677
7420 0.001676
7422 0.001677
7423 0.001677
7425 0.001677
7426 0.001677
7428 0.001676
7429 0.001677
7431 0.001677
7432 0.001677
7434 0.001677
7435 0.001676
7437 0.001677
7438 0.001677
7440 0.001677
7441 0.001677
7457 0.047967
7458 0.001677
7460 0.001677
7461 0.001676
7463 0.001677
7464 0.001677
7466 0.001677
7467 0.001677
7469 0.001676
7470 0.001677
7472 0.001677
7473 0.001677
7475 0.001677
7476 0.001676
7478 0.001677
7479 0.001677
7481 0.001677
7482 0.001677
7484 0.001676
7485 0.001677
7486 0.001677
7487 0.001677
7488 0.001677
7489 0.001676
7490 0.001677
7491 0.001677
7492 0.001677
7493 0.001677
7494 0.001676
7495 0.001677
7496 0.001677
7497 0.001677
7498 0.001677
7499 0.001676
7500 0.001677
7501 0.001677
7502 0.001677
7503 0.001677
7504 0.001676
7505 0.001677
7506 0.001677
7507 0.001677
7508 0.001677
7509 0.001676
7510 0.001677
7511 0.001677
7512 0.001677
7513 0.001677
7515 0.001676
7516 0.001677
7518 0.001677
7519 0.001677
7521 0.001677
7522 0.001676
7524 0.001677
7525 0.001677
7527 0.001677
7528 0.001677
7530 0.001676
7531 0.001677
7533 0.001677
7534 0.001677
7536 0.001677
7537 0.001676
7553 0.047968
7554 0.001676
7556 0.001677
7557 0.001677
7559 0.001677
7560 0.001677
7562 0.001676
7563 0.001677
7565 0.001677
7566 0.001677
7568 0.001677
7569 0.001676
7571 0.001677
7572 0.001677
7574 0.001677
7575 0.001677
7577 0.001676
7578 0.001677
7580 0.001677
7581 0.001677
7582 0.001677
7583 0.001676
7584 0.001677
7585 0.001677
7586 0.001677
7587 0.001677
7588 0.001676
7589 0.001677
7590 0.001677
7591 0.001677
7592 0.001677
7593 0.001676
7594 0.001677
7595 0.001677
7596 0.001677
7597 0.001677
7598 0.001676
7599 0.001677
7600 0.001677
7601 0.001677
7602 0.001677
7603 0.001676
7604 0.001677
7605 0.001677
7606 0.001677
7607 0.001677
7608 0.001676
7609 0.001677
7611 0.001677
7612 0.001677
7614 0.001677
7615 0.001676
7617 0.001677
7618 0.001677
7620 0.001677
7621 0.001677
7623 0.001676
7624 0.001677
7626 0.001677
7627 0.001677
7629 0.001677
7630 0.001676
7632 0.001677
7633 0.001677
7649 0.047967
7650 0.001677
7652 0.001677
7653 0.001677
7655 0.001677
7656 0.001676
7658 0.001677
7659 0.001677
7661 0.001677
7662 0.001677
7664 0.001676
7665 0.001677
7667 0.001677
7668 0.001677
7670 0.001677
7671 0.001676
7673 0.001677
7674 0.001677
7676 0.001677
7677 0.001677
7678 0.001676
7679 0.001677
7680 0.001677
7681 0.001677
7682 0.001677
7683 0.001676
7684 0.001677
7685 0.001677
7686 0.001677
7687 0.001677
7688 0.001676
7689 0.001677
7690 0.001677
7691 0.001677
7692 0.001677
7693 0.001676
7694 0.001677
7695 0.001677
7696 0.001677
7697 0.001677
7698 0.001676
7699 0.001677
7700 0.001677
7701 0.001677
7702 0.001677
7703 0.001676
7704 0.001677
7705 0.001677
7707 0.001677
7708 0.001677
7710 0.001676
7711 0.001677
7713 0.001677
7714 0.001677
7716 0.001677
7717 0.001676
7719 0.001677
7720 0.001677
7722 0.001677
7723 0.001677
7725 0.001676
7726 0.001677
7728 0.001677
7729 0.001677
7745 0.047967
7746 0.001677
7748 0.001677
7749 0.001677
7751 0.001676
7752 0.001677
7754 0.001677
7755 0.001677
7757 0.001677
7758 0.001676
7760 0.001677
7761 0.001677
7763 0.001677
7764 0.001677
7766 0.001676
7767 0.001677
7769 0.001677
7770 0.001677
7772 0.001677
7773 0.001676
7774 0.001677
7775 0.001677
7776 0.001677
7777 0.001677
7778 0.001676
7779 0.001677
7780 0.001677
7781 0.001677
7782 0.001677
7783 0.001676
7784 0.001677
7785 0.001677
7786 0.001677
7787 0.001677
7788 0.001676
7789 0.001677
7790 0.001677
7791 0.001677
7792 0.001677
7793 0.001676
7794 0.001677
7795 0.001677
7796 0.001677
7797 0.001677
7798 0.001676
7799 0.001677
7800 0.001677
7801 0.001677
7803 0.001677
7804 0.001676
7806 0.001677
7807 0.001677
7809 0.001677
7810 0.001677
7812 0.001676
7813 0.001677
7815 0.001677
7816 0.001677
7818 0.001677
7819 0.001676
7821 0.001677
7822 0.001677
7824 0.001677
7825 0.001677
7841 0.047967
7842 0.001677
7844 0.001677
7845 0.001676
7847 0.001677
7848 0.001677
7850 0.001677
7851 0.001677
7853 0.001676
7854 0.001677
7856 0.001677
7857 0.001677
7859 0.001677
7860 0.001676
7862 0.001677
7863 0.001677
7865 0.001677
7866 0.001677
7868 0.001676
7869 0.001677
7870 0.001677
7871 0.001677
7872 0.001677
7873 0.001676
7874 0.001677
7875 0.001677
7876 0.001677
7877 0.001677
7878 0.001676
7879 0.001677
7880 0.001677
7881 0.001677
7882 0.001677
7883 0.001676
7884 0.001677
7885 0.001677
7886 0.001677
7887 0.001677
7888 0.001676
7889 0.001677
7890 0.001677
7891 0.001677
7892 0.001677
7893 0.001676
7894 0.001677
7895 0.001677
7896 0.001677
7897 0.001677
7899 0.001676
7900 0.001677
7902 0.001677
7903 0.001677
7905 0.001677
7906 0.001676
7908 0.001677
7909 0.001677
7911 0.001677
7912 0.001677
7914 0.001676
7915 0.001677
7917 0.001677
7918 0.001677
7920 0.001677
7921 0.001676
7937 0.047968
7938 0.001677
7940 0.001676
7941 0.001677
7943 0.001677
7944 0.001677
7946 0.001677
7947 0.001676
7949 0.001677
7950 0.001677
7952 0.001677
7953 0.001677
7955 0.001676
7956 0.001677
7958 0.001677
7959 0.001677
7961 0.001677
7962 0.001676
7964 0.001677
7965 0.001677
7966 0.001677
7967 0.001677
7968 0.001676
7969 0.001677
7970 0.001677
7971 0.001677
7972 0.001677
7973 0.001676
7974 0.001677
7975 0.001677
7976 0.001677
7977 0.001677
7978 0.001676
7979 0.001677
7980 0.001677
7981 0.001677
7982 0.001677
7983 0.001676
7984 0.001677
7985 0.001677
7986 0.001677
7987 0.001677
7988 0.001676
7989 0.001677
7990 0.001677
7991 0.001677
7992 0.001677
7993 0.001676
7995 0.001677
7996 0.001677
7998 0.001677
7999 0.001677
8001 0.001676
8002 0.001677
8004 0.001677
8005 0.001677
8007 0.001677
8008 0.001676
8010 0.001677
8011 0.001677
8013 0.001677
8014 0.001677
8016 0.001676
8017 0.001677
8033 0.047967
8034 0.001677
8036 0.001677
8037 0.001677
8039 0.001677
8040 0.001676
8042 0.001677
8043 0.001677
8045 0.001677
8046 0.001677
8048 0.001676
8049 0.001677
8051 0.001677
8052 0.001677
8054 0.001677
8055 0.001676
8057 0.001677
8058 0.001677
8060 0.001677
8061 0.001677
8062 0.001676
8063 0.001677
8064 0.001677
8065 0.001677
8066 0.001677
8067 0.001676
8068 0.001677
8069 0.001677
8070 0.001677
8071 0.001677
8072 0.001676
8073 0.001677
8074 0.001677
8075 0.001677
8076 0.001677
8077 0.001676
8078 0.001677
8079 0.001677
8080 0.001677
8081 0.001677
8082 0.001676
8083 0.001677
8084 0.001677
8085 0.001677
8086 0.001677
8087 0.001676
8088 0.001677
8089 0.001677
8091 0.001677
8092 0.001677
8094 0.001676
8095 0.001677
8097 0.001677
8098 0.001677
8100 0.001677
8101 0.001676
8103 0.001677
8104 0.001677
8106 0.001677
8107 0.001677
8109 0.001676
8110 0.001677
8112 0.001677
8113 0.001677
8129 0.047967
8130 0.001677
8132 0.001677
8133 0.001677
8135 0.001676
8136 0.001677
8138 0.001677
8139 0.001677
8141 0.001677
8142 0.001676
8144 0.001677
