1 0.000000
4 0.000000
26 0.151787
47 0.150162
71 0.162054
72 0.007680
73 0.010000
74 0.010000
75 0.010000
109 0.120000
110 0.010269
113 0.009731
114 0.010000
115 0.010000
119 0.010000
120 0.010000
121 0.010000
122 0.010000
154 0.090000
155 0.010000
156 0.010000
160 0.010000
161 0.010000
162 0.010269
163 0.009731
166 0.010000
167 0.010000
168 0.010000
173 0.010000
174 0.010000
175 0.010000
207 0.040000
208 0.010000
209 0.010000
210 0.010000
216 0.010000
217 0.010000
218 0.010000
222 0.011661
223 0.008339
224 0.010000
225 0.010269
237 0.009731
238 0.010000
239 0.010000
246 0.010000
247 0.010000
248 0.010000
249 0.010000
254 0.010000
255 0.010000
256 0.010000
260 0.010000
261 0.010000
262 0.010000
263 0.010000
275 0.010000
276 0.010000
277 0.010000
281 0.010000
282 0.010000
283 0.010000
288 0.010269
289 0.009731
290 0.010000
291 0.010000
297 0.010000
298 0.010000
299 0.010000
303 0.010791
304 0.009209
305 0.010000
306 0.010000
311 0.010000
312 0.010000
313 0.010000
317 0.010000
318 0.010000
319 0.010000
320 0.010000
327 0.010000
328 0.010000
329 0.010000
333 0.010269
334 0.010759
335 0.008972
336 0.010000
340 0.010000
341 0.010000
342 0.010000
347 0.010000
348 0.010000
349 0.010000
357 0.010000
358 0.010000
359 0.010000
360 0.010000
364 0.010000
365 0.010000
366 0.010000
371 0.010333
372 0.009667
373 0.010000
374 0.010000
378 0.010269
379 0.009731
380 0.010000
387 0.010000
388 0.010000
389 0.010000
390 0.010000
394 0.010000
395 0.010000
396 0.010000
400 0.010000
401 0.010000
402 0.010000
403 0.010000
408 0.010000
409 0.010000
410 0.010000
419 0.010000
420 0.010000
421 0.010000
425 0.010000
426 0.010269
427 0.009731
428 0.010000
433 0.010000
434 0.010000
435 0.012135
439 0.007865
440 0.010000
441 0.010000
442 0.010000
449 0.010000
450 0.010000
451 0.010000
455 0.010000
456 0.010000
457 0.010000
458 0.010000
462 0.010000
463 0.010000
464 0.010000
472 0.010000
473 0.010269
474 0.009731
475 0.010000
481 0.010000
482 0.010000
487 0.010000
488 0.010000
492 0.010000
493 0.010000
500 0.010000
501 0.010000
508 0.010000
509 0.010000
513 0.010000
514 0.010000
518 0.010000
519 0.010000
527 0.010000
528 0.010000
532 0.010000
533 0.010000
538 0.010269
539 0.009731
543 0.010000
544 0.010000
551 0.010000
552 0.010000
557 0.010000
558 0.010000
562 0.010000
563 0.012829
567 0.007171
568 0.010000
575 0.010000
576 0.010000
580 0.010000
581 0.010000
586 0.010000
587 0.010000
591 0.010000
592 0.010000
597 0.010000
598 0.010269
603 0.009731
604 0.010000
608 0.010000
609 0.010000
617 0.010000
618 0.010000
622 0.010000
623 0.010000
627 0.010000
628 0.010000
633 0.010000
634 0.010000
639 0.010000
640 0.010000
644 0.010000
645 0.010000
650 0.010000
651 0.010000
655 0.010000
656 0.010000
663 0.010269
664 0.009731
668 0.010000
669 0.010000
674 0.010000
675 0.010000
680 0.010000
681 0.010000
686 0.010000
687 0.010000
692 0.010000
693 0.010000
698 0.010000
699 0.013799
703 0.006201
704 0.010000
711 0.010000
712 0.010000
716 0.010000
717 0.010000
721 0.010000
722 0.010269
727 0.009731
728 0.011860
733 0.008140
734 0.010000
739 0.010000
740 0.010000
744 0.010000
745 0.010000
753 0.010000
754 0.010000
758 0.010000
759 0.010000
764 0.010000
765 0.010000
769 0.010000
770 0.010000
776 0.010000
777 0.010000
781 0.010000
782 0.010000
788 0.010269
789 0.009731
793 0.010000
794 0.010000
800 0.010000
801 0.010000
807 0.010000
808 0.010000
812 0.010000
813 0.010000
817 0.010000
818 0.010000
824 0.010000
825 0.010000
831 0.010000
832 0.010000
837 0.010000
838 0.011501
842 0.008499
843 0.010000
850 0.010000
851 0.010269
857 0.009731
858 0.010000
862 0.010000
863 0.010000
868 0.010000
869 0.010000
874 0.010000
875 0.010000
881 0.010000
882 0.010000
887 0.011738
888 0.008262
895 0.010000
896 0.010000
899 0.010000
900 0.010000
906 0.010000
907 0.010000
911 0.010000
912 0.010000
918 0.012708
919 0.007292
925 0.010000
926 0.010000
930 0.010000
931 0.010000
936 0.012308
937 0.007692
943 0.010000
944 0.010000
949 0.010000
950 0.010000
955 0.010000
956 0.010000
960 0.010000
961 0.010000
967 0.010000
968 0.010000
974 0.010000
975 0.010000
979 0.010000
980 0.010269
985 0.009731
986 0.010000
993 0.010000
994 0.010000
1000 0.010000
1001 0.010000
1005 0.010000
1006 0.010000
1010 0.010000
1011 0.010000
1018 0.010000
1019 0.010000
1025 0.010000
1026 0.010000
1030 0.010807
1031 0.009193
1040 0.010000
1041 0.010000
1045 0.010000
1046 0.010000
1052 0.010269
1053 0.009731
1057 0.010000
1058 0.010000
1064 0.011402
1065 0.008598
1072 0.010000
1073 0.010000
1077 0.010000
1078 0.012708
1082 0.007292
1083 0.010000
1093 0.010000
1094 0.010000
1099 0.010000
1100 0.010000
1105 0.010000
1106 0.010000
1110 0.010000
1111 0.011639
1117 0.008361
1118 0.010269
1125 0.009731
1126 0.010000
1130 0.010000
1131 0.012641
1136 0.007359
1137 0.010000
1145 0.010000
1146 0.010000
1151 0.010000
1152 0.010000
1157 0.010000
1158 0.010000
1162 0.010000
1163 0.010208
1169 0.009792
1170 0.010000
1177 0.010000
1178 0.010000
1182 0.011501
1183 0.008499
1190 0.010269
1191 0.009731
1198 0.010000
1199 0.010000
1203 0.010000
1204 0.010000
1209 0.010000
1210 0.010000
1216 0.010000
1217 0.010000
1224 0.010000
1225 0.010000
1230 0.010000
1231 0.010000
1235 0.010000
1236 0.010000
1245 0.010000
1246 0.010000
1252 0.010000
1253 0.010000
1257 0.010000
1258 0.010269
1263 0.009731
1264 0.010669
1270 0.009331
1271 0.010000
1280 0.010000
1281 0.010000
1285 0.010000
1286 0.012234
1293 0.007766
1294 0.010000
1300 0.010000
1301 0.010000
1307 0.010000
1308 0.010000
1312 0.010000
1313 0.010000
1319 0.012570
1320 0.007430
1327 0.010000
1328 0.010000
1335 0.010269
1336 0.009731
1340 0.012471
1341 0.007529
1351 0.010000
1352 0.010000
1357 0.010000
1358 0.010000
1363 0.010000
1364 0.010000
1368 0.010000
1369 0.010000
1376 0.012372
1377 0.007628
1385 0.010000
1386 0.010000
1391 0.010000
1392 0.012372
1396 0.008668
1397 0.008960
1405 0.010000
1406 0.010269
1413 0.009731
1414 0.010000
1418 0.010000
1419 0.010000
1424 0.010000
1425 0.011700
1431 0.008300
1432 0.010000
1440 0.010000
1441 0.010000
1446 0.010000
1447 0.011197
1451 0.008803
1452 0.010000
1461 0.010000
1462 0.010000
1469 0.010000
1470 0.010000
1474 0.010000
1475 0.010000
1481 0.011933
1482 0.008067
1490 0.010000
1491 0.010000
1497 0.010000
1498 0.010000
1503 0.013098
1504 0.006902
1514 0.010000
1515 0.010000
1520 0.010000
1521 0.010000
1527 0.010000
1528 0.010000
1532 0.010000
1533 0.010000
1540 0.012506
1541 0.007494
1550 0.010000
1551 0.010000
1555 0.010000
1556 0.010269
1561 0.010071
1562 0.009660
1572 0.010000
1573 0.010000
1580 0.010000
1581 0.010000
1585 0.010000
1586 0.010000
1590 0.010000
1591 0.012407
1599 0.007593
1600 0.010000
1609 0.010000
1610 0.010000
1614 0.011639
1615 0.008361
1622 0.010000
1623 0.010000
1631 0.010000
1632 0.010000
1639 0.010269
1640 0.009731
1644 0.010000
1645 0.010000
1650 0.010964
1651 0.010348
1660 0.008688
1661 0.010000
1667 0.010000
1668 0.010000
1672 0.013536
1673 0.006464
1682 0.010000
1683 0.010000
1690 0.010000
1691 0.010000
1697 0.010000
1698 0.010000
1702 0.010000
1703 0.010000
1710 0.010000
1711 0.010269
1721 0.009731
1722 0.010000
1726 0.010000
1727 0.012109
1732 0.008669
1733 0.009222
1743 0.010000
1744 0.010000
1751 0.010000
1752 0.010000
1757 0.010000
1758 0.010000
1762 0.010000
1763 0.011770
1770 0.008230
1771 0.010000
1782 0.010000
1783 0.010000
1787 0.010000
1788 0.014343
1795 0.005926
1796 0.009731
1804 0.010000
1805 0.010000
1812 0.010000
1813 0.010000
1818 0.010000
1819 0.010000
1824 0.010000
1825 0.010000
1836 0.010000
1837 0.010000
1843 0.010000
1844 0.010000
1848 0.011252
1849 0.008748
1859 0.010000
1860 0.010000
1868 0.010000
1869 0.010000
1874 0.010000
1875 0.010269
1880 0.009731
1881 0.012708
1887 0.010000
1888 0.007292
1900 0.010000
1901 0.010000
1905 0.010000
1906 0.010471
1910 0.009529
1911 0.010000
1922 0.010000
1923 0.010000
1930 0.010000
1931 0.010000
1935 0.010000
1936 0.010000
1941 0.010000
1942 0.012362
1949 0.007638
1950 0.010000
1961 0.010269
1962 0.009731
1966 0.010000
1967 0.010000
1974 0.010000
1975 0.010000
1985 0.010000
1986 0.010000
1992 0.010000
1993 0.010000
1997 0.010000
1998 0.010000
2004 0.010000
2005 0.010000
2016 0.010000
2017 0.010000
2024 0.010000
2025 0.010000
2029 0.010941
2030 0.009629
2043 0.009430
2044 0.010269
2050 0.009731
2051 0.010000
2056 0.010000
2057 0.010000
2062 0.010000
2063 0.012074
2070 0.009424
2071 0.008502
2082 0.010000
2083 0.010000
2088 0.010000
2089 0.012842
2093 0.009629
2094 0.007529
2107 0.010000
2108 0.010000
2116 0.010000
2117 0.010000
2121 0.010000
2122 0.010000
2127 0.012311
2128 0.008669
2138 0.009020
2139 0.010000
2147 0.010000
2148 0.010000
2153 0.012397
2154 0.009975
2160 0.007628
2161 0.010000
2172 0.010000
2173 0.010000
2180 0.010000
2181 0.010000
2185 0.010000
2186 0.010000
2192 0.010000
2193 0.010000
2204 0.010000
2205 0.010000
2211 0.010000
2212 0.010000
2217 0.010000
2218 0.010000
2226 0.010000
2227 0.010000
2238 0.010000
2239 0.010000
2244 0.010000
2245 0.010000
2249 0.010000
2250 0.010000
2258 0.010000
2259 0.010000
2271 0.010000
2272 0.010000
2276 0.010000
2277 0.010000
2282 0.010000
2283 0.010000
2295 0.010000
2296 0.010000
2305 0.010000
2306 0.010000
2310 0.010000
2311 0.010000
2315 0.010000
2316 0.010000
2329 0.010000
2330 0.010000
2338 0.010000
2339 0.010000
2343 0.010000
2344 0.010000
2353 0.010000
2354 0.010000
2360 0.010000
2361 0.010000
2366 0.010000
2367 0.010000
2369 0.010000
2370 0.010000
2373 0.010000
2374 0.010000
2378 0.010000
2379 0.010000
2381 0.010000
2382 0.010000
2384 0.010000
2385 0.010000
2387 0.010000
2388 0.010000
2390 0.010000
2391 0.010000
2393 0.010000
2394 0.010000
2396 0.010000
2397 0.010000
2399 0.010000
2400 0.010000
2402 0.010000
2403 0.010000
2405 0.010000
2406 0.010000
2408 0.010000
2409 0.010000
2411 0.010000
2412 0.010000
2414 0.010000
2415 0.010000
2417 0.010000
2418 0.010000
2420 0.010000
2421 0.010000
2423 0.010000
2424 0.010000
2426 0.010000
2427 0.010000
2429 0.010000
2430 0.010000
2432 0.010000
2433 0.010000
2435 0.010000
2436 0.010000
2438 0.010000
2439 0.010000
2441 0.010000
2442 0.010000
2444 0.010000
2445 0.010000
2447 0.010000
2448 0.010000
2450 0.010000
2451 0.010000
2453 0.010000
2454 0.010000
2456 0.010000
2457 0.010000
2459 0.010000
2460 0.010000
2462 0.010000
2463 0.010000
2465 0.010000
2466 0.010000
2468 0.010000
2469 0.010000
2471 0.010000
2472 0.010000
2474 0.010000
2475 0.010000
2477 0.010000
2478 0.010000
2480 0.010000
2481 0.010000
2483 0.010000
2484 0.010000
2486 0.010000
2487 0.010000
2489 0.010000
2490 0.010000
2492 0.010000
2493 0.010000
2495 0.010000
2496 0.010000
2498 0.010000
2499 0.010000
2501 0.010000
2502 0.010000
2504 0.010000
2505 0.010000
2507 0.010000
2508 0.010000
2510 0.010000
2511 0.010000
2513 0.010000
2514 0.010000
2516 0.010000
2517 0.010000
2519 0.010000
2520 0.010000
2522 0.010000
2523 0.010000
2525 0.010000
2526 0.010000
2528 0.010000
2529 0.010000
2531 0.010000
2532 0.010000
2534 0.010000
2535 0.010000
2537 0.010000
2538 0.010000
2540 0.010000
2541 0.010000
2543 0.010000
2544 0.010000
2546 0.010000
2547 0.010000
2549 0.010000
2550 0.010000
2552 0.010000
2553 0.010000
2555 0.010000
2556 0.010000
2558 0.010000
2559 0.010000
2561 0.010000
2562 0.010000
2564 0.010000
2565 0.010000
2567 0.010000
2568 0.010000
2570 0.010000
2571 0.010000
2573 0.010000
2574 0.010000
2576 0.010000
2577 0.010000
2579 0.010000
2580 0.010000
2582 0.010000
2583 0.010000
2585 0.010000
2586 0.010000
2588 0.010000
2589 0.010000
2591 0.010000
2592 0.010000
2594 0.010000
2595 0.010000
2597 0.010000
2598 0.010000
2600 0.010000
2601 0.010000
2603 0.010000
2604 0.010000
2606 0.010000
2607 0.010000
2609 0.010000
2610 0.010000
2612 0.010000
2613 0.010000
2615 0.010000
2616 0.010000
2618 0.010000
2619 0.010000
2621 0.010000
2622 0.010000
2624 0.010000
2625 0.010000
2627 0.010000
2628 0.010000
2630 0.010000
2631 0.010000
2633 0.010000
2634 0.010000
2636 0.010000
2637 0.010000
2639 0.010000
2640 0.010000
2642 0.010000
2643 0.010000
2645 0.010000
2646 0.010000
2648 0.010000
2649 0.010000
2651 0.010000
2652 0.010000
2654 0.010000
2655 0.010000
2657 0.010000
2658 0.010000
2660 0.010000
2661 0.010000
2663 0.010000
2664 0.010000
2666 0.010000
2667 0.010000
2669 0.010000
2670 0.010000
2672 0.010000
2673 0.010000
2675 0.010000
2676 0.010000
2678 0.010000
2679 0.010000
2681 0.010000
2682 0.010000
2684 0.010000
2685 0.010000
2687 0.010000
2688 0.010000
2690 0.010000
2691 0.010000
2693 0.010000
2694 0.010000
2696 0.010000
2697 0.010000
2699 0.010000
2700 0.010000
2702 0.010000
2703 0.010000
2705 0.010000
2706 0.010000
2708 0.010000
2709 0.010000
2711 0.010000
2712 0.010000
2714 0.010000
2715 0.010000
2717 0.010000
2718 0.010000
2720 0.010000
2721 0.010000
2723 0.010000
2724 0.010000
2726 0.010000
2727 0.010000
2729 0.010000
2730 0.010000
2732 0.010000
2733 0.010000
2735 0.010000
2736 0.010000
2738 0.010000
2739 0.010000
2741 0.010000
2742 0.010000
2744 0.010000
2745 0.010000
2747 0.010000
2748 0.010000
2750 0.010000
2751 0.010000
2753 0.010000
2754 0.010000
2756 0.010000
2757 0.010000
2759 0.010000
2760 0.010000
2762 0.010000
2763 0.010000
2765 0.010000
2766 0.010000
2768 0.010000
2769 0.010000
2771 0.010000
2772 0.010000
2774 0.010000
2775 0.010000
2777 0.010000
2778 0.010000
2780 0.010000
2781 0.010000
2783 0.010000
2784 0.010000
2786 0.010000
2787 0.010000
2789 0.010000
2790 0.010000
2792 0.010000
2793 0.010000
2795 0.010000
2796 0.010000
2798 0.010000
2799 0.010000
2801 0.010000
2802 0.010000
2804 0.010000
2805 0.010000
2807 0.010000
2808 0.010000
2810 0.010000
2811 0.010000
2813 0.010000
2814 0.010000
2816 0.010000
2817 0.010000
2819 0.010000
2820 0.010000
2822 0.010000
2823 0.010000
2825 0.010000
2826 0.010000
2828 0.010000
2829 0.010000
2831 0.010000
2832 0.010000
2834 0.010000
2835 0.010000
2837 0.010000
2838 0.010000
2840 0.010000
2841 0.010000
2843 0.010000
2844 0.010000
2846 0.010000
2847 0.010000
2849 0.010000
2850 0.010000
2852 0.010000
2853 0.010000
2855 0.010000
2856 0.010000
2858 0.010000
2859 0.010000
2861 0.010000
2862 0.010000
2864 0.010000
2865 0.010000
2867 0.010000
2868 0.010000
2870 0.010000
2871 0.010000
2873 0.010000
2874 0.010000
2876 0.010000
2877 0.010000
2879 0.010000
2880 0.010000
2882 0.010000
2883 0.010000
2885 0.010000
2886 0.010000
2888 0.010000
2889 0.010000
2891 0.010000
2892 0.010000
2894 0.010000
2895 0.010000
2897 0.010000
2898 0.010000
2900 0.010000
2901 0.010000
2903 0.010000
2904 0.010000
2906 0.010000
2907 0.010000
2909 0.010000
2910 0.010000
2912 0.010000
2913 0.010000
2915 0.010000
2916 0.010000
2918 0.010000
2919 0.010000
2921 0.010000
2922 0.010000
2924 0.010000
2925 0.010000
2927 0.010000
2928 0.010000
2930 0.010000
2931 0.010000
2933 0.010000
2934 0.010000
2936 0.010000
2937 0.010000
2939 0.010000
2940 0.010000
2942 0.010000
2943 0.010000
2945 0.010000
2946 0.010000
2948 0.010000
2949 0.010000
2951 0.010000
2952 0.010000
2954 0.010000
2955 0.010000
2957 0.010000
2958 0.010000
2960 0.010000
2961 0.010000
2963 0.010000
2964 0.010000
2966 0.010000
2967 0.010000
2969 0.010000
2970 0.010000
2972 0.010000
2973 0.010000
2975 0.010000
2976 0.010000
2978 0.010000
2979 0.010000
2981 0.010000
2982 0.010000
2984 0.010000
2985 0.010000
2987 0.010000
2988 0.010000
2990 0.010000
2991 0.010000
2993 0.010000
2994 0.010000
2996 0.010000
2997 0.010000
2999 0.010000
3000 0.010000
3002 0.010000
3003 0.010000
3005 0.010000
3006 0.010000
3008 0.010000
3009 0.010000
3011 0.010000
3012 0.010000
3014 0.010000
3015 0.010000
3017 0.010000
3018 0.010000
3020 0.010000
3021 0.010000
3023 0.010000
3024 0.010000
3026 0.010000
3027 0.010000
3029 0.010000
3030 0.010000
3032 0.010000
3033 0.010000
3035 0.010000
3036 0.010000
3038 0.010000
3039 0.010000
3041 0.010000
3042 0.010000
3044 0.010000
3045 0.010000
3047 0.010000
3048 0.010000
3050 0.010000
3051 0.010000
3053 0.010000
3054 0.010000
3056 0.010000
3057 0.010000
3059 0.010000
3060 0.010000
3062 0.010000
3063 0.010000
3065 0.010000
3066 0.010000
3068 0.010000
3069 0.010000
3071 0.010000
3072 0.010000
3074 0.010000
3075 0.010000
3077 0.010000
3078 0.010000
3080 0.010000
3081 0.010000
3083 0.010000
3084 0.010000
3086 0.010000
3087 0.010000
3089 0.010000
3090 0.010000
3092 0.010000
3093 0.010000
3095 0.010000
3096 0.010000
3098 0.010000
3099 0.010000
3101 0.010000
3102 0.010000
3104 0.010000
3105 0.010000
3107 0.010000
3108 0.010000
3110 0.010000
3111 0.010000
3113 0.010000
3114 0.010000
3116 0.010000
3117 0.010000
3119 0.010000
3120 0.010000
3122 0.010000
3123 0.010000
3125 0.010000
3126 0.010000
3128 0.010000
3129 0.010000
3131 0.010000
3132 0.010000
3134 0.010000
3135 0.010000
3137 0.010000
3138 0.010000
3140 0.010000
3141 0.010000
3143 0.010000
3144 0.010000
3146 0.010000
3147 0.010000
3149 0.010000
3150 0.010000
3152 0.010000
3153 0.010000
3155 0.010000
3156 0.010000
3158 0.010000
3159 0.010000
3161 0.010000
3162 0.010000
3164 0.010000
3165 0.010000
3167 0.010000
3168 0.010000
3170 0.010000
3171 0.010000
3173 0.010000
3174 0.010000
3176 0.010000
3177 0.010000
3179 0.010000
3180 0.010000
3182 0.010000
3183 0.010000
3185 0.010000
3186 0.010000
3188 0.010000
3189 0.010000
3191 0.010000
3192 0.010000
3194 0.010000
3195 0.010000
3197 0.010000
3198 0.010000
3200 0.010000
3201 0.010000
3203 0.010000
3204 0.010000
3206 0.010000
3207 0.010000
3209 0.010000
3210 0.010000
3212 0.010000
3213 0.010000
3215 0.010000
3216 0.010000
3218 0.010000
3219 0.010000
3221 0.010000
3222 0.010000
3224 0.010000
3225 0.010000
3227 0.010000
3228 0.010000
3230 0.010000
3231 0.010000
3233 0.010000
3234 0.010000
3236 0.010000
3237 0.010000
3239 0.010000
3240 0.010000
3242 0.010000
3243 0.010000
3245 0.010000
3246 0.010000
3248 0.010000
3249 0.010000
3251 0.010000
3252 0.010000
3254 0.010000
3255 0.010000
3257 0.010000
3258 0.010000
3260 0.010000
3261 0.010000
3263 0.010000
3264 0.010000
3266 0.010000
3267 0.010000
3269 0.010000
3270 0.010000
3272 0.010000
3273 0.010000
3275 0.010000
3276 0.010000
3278 0.010000
3279 0.010000
3281 0.010000
3282 0.010000
3284 0.010000
3285 0.010000
3287 0.010000
3288 0.010000
3290 0.010000
3291 0.010000
3293 0.010000
3294 0.010000
3296 0.010000
3297 0.010000
3299 0.010000
3300 0.010000
3302 0.010000
3303 0.010000
3305 0.010000
3306 0.010000
3308 0.010000
3309 0.010000
3311 0.010000
3312 0.010000
3314 0.010000
3315 0.010000
3317 0.010000
3318 0.010000
3320 0.010000
3321 0.010000
3323 0.010000
3324 0.010000
3326 0.010000
3327 0.010000
3329 0.010000
3330 0.010000
3332 0.010000
3333 0.010000
3335 0.010000
3336 0.010000
3338 0.010000
3339 0.010000
3341 0.010000
3342 0.010000
3344 0.010000
3345 0.010000
3347 0.010000
3348 0.010000
3350 0.010000
3351 0.010000
3353 0.010000
3354 0.010000
3356 0.010000
3357 0.010000
3359 0.010000
3360 0.010000
3362 0.010000
3363 0.010000
3365 0.010000
3366 0.010000
3368 0.010000
3369 0.010000
3371 0.010000
3372 0.010000
3374 0.010000
3375 0.010000
3377 0.010000
3378 0.010000
3380 0.010000
3381 0.010000
3383 0.010000
3384 0.010000
3386 0.010000
3387 0.010000
3389 0.010000
3390 0.010000
3392 0.010000
3393 0.010000
3395 0.010000
3396 0.010000
3398 0.010000
3399 0.010000
3401 0.010000
3402 0.010000
3404 0.010000
3405 0.010000
3407 0.010000
3408 0.010000
3410 0.010000
3411 0.010000
3413 0.010000
3414 0.010000
3416 0.010000
3417 0.010000
3419 0.010000
3420 0.010000
3422 0.010000
3423 0.010000
3425 0.010000
3426 0.010000
3428 0.010000
3429 0.010000
3431 0.010000
3432 0.010000
3434 0.010000
3435 0.010000
3437 0.010000
3438 0.010000
3440 0.010000
3441 0.010000
3443 0.010000
3444 0.010000
3446 0.010000
3447 0.010000
3449 0.010000
3450 0.010000
3452 0.010000
3453 0.010000
3455 0.010000
3456 0.010000
3458 0.010000
3459 0.010000
3461 0.010000
3462 0.010000
3464 0.010000
3465 0.010000
3467 0.010000
3468 0.010000
3470 0.010000
3471 0.010000
3473 0.010000
3474 0.010000
3476 0.010000
3477 0.010000
3479 0.010000
3480 0.010000
3482 0.010000
3483 0.010000
3485 0.010000
3486 0.010000
3488 0.010000
3489 0.010000
3491 0.010000
3492 0.010000
3494 0.010000
3495 0.010000
3497 0.010000
3498 0.010000
3500 0.010000
3501 0.010000
3503 0.010000
3504 0.010000
3506 0.010000
3507 0.010000
3509 0.010000
3510 0.010000
3512 0.010000
3513 0.010000
3515 0.010000
3516 0.010000
3518 0.010000
3519 0.010000
3521 0.010000
3522 0.010000
3524 0.010000
3525 0.010000
3527 0.010000
3528 0.010000
3530 0.010000
3531 0.010000
3533 0.010000
3534 0.010000
3536 0.010000
3537 0.010000
3539 0.010000
3540 0.010000
3542 0.010000
3543 0.010000
3545 0.010000
3546 0.010000
3548 0.010000
3549 0.010000
3551 0.010000
3552 0.010000
3554 0.010000
3555 0.010000
3557 0.010000
3558 0.010000
3560 0.010000
3561 0.010000
3563 0.010000
3564 0.010000
3566 0.010000
3567 0.010000
3569 0.010000
3570 0.010000
3572 0.010000
3573 0.010000
3575 0.010000
3576 0.010000
3578 0.010000
3579 0.010000
3581 0.010000
3582 0.010000
3584 0.010000
3585 0.010000
3587 0.010000
3588 0.010000
3590 0.010000
3591 0.010000
3593 0.010000
3594 0.010000
3596 0.010000
3597 0.010000
3599 0.010000
3600 0.010000
3602 0.010000
3603 0.010000
3605 0.010000
3606 0.010000
3608 0.010000
3609 0.010000
3611 0.010000
3612 0.010000
3614 0.010000
3615 0.010000
3617 0.010000
3618 0.010000
3620 0.010000
3621 0.010000
3623 0.010000
3624 0.010000
3626 0.010000
3627 0.010000
3629 0.010000
3630 0.010000
3632 0.010000
3633 0.010000
3635 0.010000
3636 0.010000
3638 0.010000
3639 0.010000
3641 0.010000
3642 0.010000
3644 0.010000
3645 0.010000
3647 0.010000
3648 0.010000
3650 0.010000
3651 0.010000
3653 0.010000
3654 0.010000
3656 0.010000
3657 0.010000
3659 0.010000
3660 0.010000
3662 0.010000
3663 0.010000
3665 0.010000
3666 0.010000
3668 0.010000
3669 0.010000
3671 0.010000
3672 0.010000
3674 0.010000
3675 0.010000
3677 0.010000
3678 0.010000
3680 0.010000
3681 0.010000
3683 0.010000
3684 0.010000
3686 0.010000
3687 0.010000
3689 0.010000
3690 0.010000
3692 0.010000
3693 0.010000
3695 0.010000
3696 0.010000
3698 0.010000
3699 0.010000
3701 0.010000
3702 0.010000
3704 0.010000
3705 0.010000
3707 0.010000
3708 0.010000
3710 0.010000
3711 0.010000
3713 0.010000
3714 0.010000
3716 0.010000
3717 0.010000
3719 0.010000
3720 0.010000
3722 0.010000
3723 0.010000
3725 0.010000
3726 0.010000
3728 0.010000
3729 0.010000
3731 0.010000
3732 0.010000
3734 0.010000
3735 0.010000
3737 0.010000
3738 0.010000
3740 0.010000
3741 0.010000
3743 0.010000
3744 0.010000
3746 0.010000
3747 0.010000
3749 0.010000
3750 0.010000
3752 0.010000
3753 0.010000
3755 0.010000
3756 0.010000
3758 0.010000
3759 0.010000
3761 0.010000
3762 0.010000
3764 0.010000
3765 0.010000
3767 0.010000
3768 0.010000
3770 0.010000
3771 0.010000
3773 0.010000
3774 0.010000
3776 0.010000
3777 0.010000
3779 0.010000
3780 0.010000
3782 0.010000
3783 0.010000
3785 0.010000
3786 0.010000
3788 0.010000
3789 0.010000
3791 0.010000
3792 0.010000
3794 0.010000
3795 0.010000
3797 0.010000
3798 0.010000
3800 0.010000
3801 0.010000
3803 0.010000
3804 0.010000
3806 0.010000
3807 0.010000
3809 0.010000
3810 0.010000
3812 0.010000
3813 0.010000
3815 0.010000
3816 0.010000
3818 0.010000
3819 0.010000
3821 0.010000
3822 0.010000
3824 0.010000
3825 0.010000
3827 0.010000
3828 0.010000
3830 0.010000
3831 0.010000
3833 0.010000
3834 0.010000
3836 0.010000
3837 0.010000
3839 0.010000
3840 0.010000
3842 0.010000
3843 0.010000
3845 0.010000
3846 0.010000
3848 0.010000
3849 0.010000
3851 0.010000
3852 0.010000
3854 0.010000
3855 0.010000
3857 0.010000
3858 0.010000
3860 0.010000
3861 0.010000
3863 0.010000
3864 0.010000
3866 0.010000
3867 0.010000
3869 0.010000
3870 0.010000
3872 0.010000
3873 0.010000
3875 0.010000
3876 0.010000
3878 0.010000
3879 0.010000
3881 0.010000
3882 0.010000
3884 0.010000
3885 0.010000
3887 0.010000
3888 0.010000
3890 0.010000
3891 0.010000
3893 0.010000
3894 0.010000
3896 0.010000
3897 0.010000
3899 0.010000
3900 0.010000
3902 0.010000
3903 0.010000
3905 0.010000
3906 0.010000
3908 0.010000
3909 0.010000
3911 0.010000
3912 0.010000
3914 0.010000
3915 0.010000
3917 0.010000
3918 0.010000
3920 0.010000
3921 0.010000
3923 0.010000
3924 0.010000
3926 0.010000
3927 0.010000
3929 0.010000
3930 0.010000
3932 0.010000
3933 0.010000
3935 0.010000
3936 0.010000
3938 0.010000
3939 0.010000
3941 0.010000
3942 0.010000
3944 0.010000
3945 0.010000
3947 0.010000
3948 0.010000
3950 0.010000
3951 0.010000
3953 0.010000
3954 0.010000
3956 0.010000
3957 0.010000
3959 0.010000
3960 0.010000
3962 0.010000
3963 0.010000
3965 0.010000
3966 0.010000
3968 0.010000
3969 0.010000
3971 0.010000
3972 0.010000
3974 0.010000
3975 0.010000
3977 0.010000
3978 0.010000
3980 0.010000
3981 0.010000
3983 0.010000
3984 0.010000
3986 0.010000
3987 0.010000
3989 0.010000
3990 0.010000
3992 0.010000
3993 0.010000
3995 0.010000
3996 0.010000
3998 0.010000
3999 0.010000
4001 0.010000
4002 0.010000
4004 0.010000
4005 0.010000
4007 0.010000
4008 0.010000
4010 0.010000
4011 0.010000
4013 0.010000
4014 0.010000
4016 0.010000
4017 0.010000
4019 0.010000
4020 0.010000
4022 0.010000
4023 0.010000
4025 0.010000
4026 0.010000
4028 0.010000
4029 0.010000
4031 0.010000
4032 0.010000
4034 0.010000
4035 0.010000
4037 0.010000
4038 0.010000
4040 0.010000
4041 0.010000
4043 0.010000
4044 0.010000
4046 0.010000
4047 0.010000
4049 0.010000
4050 0.010000
4052 0.010000
4053 0.010000
4055 0.010000
4056 0.010000
4058 0.010000
4059 0.010000
4061 0.010000
4062 0.010000
4064 0.010000
4065 0.010000
4067 0.010000
4068 0.010000
4070 0.010000
4071 0.010000
4073 0.010000
4074 0.010000
4076 0.010000
4077 0.010000
4079 0.010000
4080 0.010000
4082 0.010000
4083 0.010000
4085 0.010000
4086 0.010000
4088 0.010000
4089 0.010000
4091 0.010000
4092 0.010000
4094 0.010000
4095 0.010000
4097 0.010000
4098 0.010000
4100 0.010000
4101 0.010000
4103 0.010000
4104 0.010000
4106 0.010000
4107 0.010000
4109 0.010000
4110 0.010000
4112 0.010000
4113 0.010000
4115 0.010000
4116 0.010000
4118 0.010000
4119 0.010000
4121 0.010000
4122 0.010000
4124 0.010000
4125 0.010000
4127 0.010000
4128 0.010000
4130 0.010000
4131 0.010000
4133 0.010000
4134 0.010000
4136 0.010000
4137 0.010000
4139 0.010000
4140 0.010000
4142 0.010000
4143 0.010000
4145 0.010000
4146 0.010000
4148 0.010000
4149 0.010000
4151 0.010000
4152 0.010000
4154 0.010000
4155 0.010000
4157 0.010000
4158 0.010000
4160 0.010000
4161 0.010000
4163 0.010000
4164 0.010000
4166 0.010000
4167 0.010000
4169 0.010000
4170 0.010000
4172 0.010000
4173 0.010000
4175 0.010000
4176 0.010000
4178 0.010000
4179 0.010000
4181 0.010000
4182 0.010000
4184 0.010000
4185 0.010000
4187 0.010000
4188 0.010000
4190 0.010000
4191 0.010000
4193 0.010000
4194 0.010000
4196 0.010000
4197 0.010000
4199 0.010000
4200 0.010000
4202 0.010000
4203 0.010000
4205 0.010000
4206 0.010000
4208 0.010000
4209 0.010000
4211 0.010000
4212 0.010000
4214 0.010000
4215 0.010000
4217 0.010000
4218 0.010000
4220 0.010000
4221 0.010000
4223 0.010000
4224 0.010000
4226 0.010000
4227 0.010000
4229 0.010000
4230 0.010000
4242 -20.496844
4244 0.000000
4245 0.000000
4247 0.000000
4248 0.000000
4250 0.000000
4251 0.000000
4253 0.000000
4254 0.000000
4256 0.000000
4257 0.000000
4259 0.000000
4260 0.000000
4262 0.000000
4263 0.000000
4265 0.000000
4266 0.000000
4268 0.000000
4269 0.000000
4271 0.000000
4272 0.000000
4274 0.000000
4275 0.000000
4277 0.000000
4278 0.000000
4280 0.000000
4281 0.000000
4283 0.000000
4284 0.000000
4286 0.000000
4287 0.000000
4289 0.000000
4290 0.000000
4292 0.000000
4293 0.000000
4295 0.000000
4296 0.000000
4298 0.000000
4299 0.000000
4301 0.000000
4302 0.000000
4304 0.000000
4305 0.000000
4307 0.000000
4308 0.000000
4310 0.000000
4311 0.000000
4313 0.000000
4314 0.000000
