1 0.000000
4 0.000000
26 0.151787
47 0.150162
71 0.152034
72 0.001677
73 0.001677
74 0.001677
103 0.146969
104 0.001677
106 0.002013
107 0.001677
108 0.001677
141 0.144956
142 0.001677
143 0.001677
144 0.001677
145 0.001677
146 0.001676
184 0.143616
185 0.001700
186 0.001677
187 0.001677
188 0.001677
227 0.145269
228 0.001677
229 0.001677
230 0.001677
231 0.001677
232 0.001676
235 0.002013
260 0.143303
261 0.001677
262 0.001677
263 0.001677
264 0.001677
266 0.002012
267 0.001677
268 0.001677
298 0.139926
299 0.001677
301 0.005023
302 0.002000
303 0.001700
305 0.002013
330 0.139587
332 0.006700
333 0.001677
334 0.001677
335 0.001677
336 0.001677
337 0.001676
366 0.136916
367 0.001677
369 0.006723
370 0.001677
372 0.002013
373 0.001677
374 0.001677
375 0.001676
376 0.001677
407 0.134903
408 0.001677
410 0.006723
411 0.001677
412 0.001923
413 0.001677
414 0.001677
415 0.001677
416 0.001677
417 0.001676
449 0.131616
450 0.001677
452 0.006723
453 0.001677
454 0.001923
455 0.001677
457 0.002013
458 0.001677
459 0.001677
460 0.001676
461 0.001677
494 0.129603
495 0.001677
497 0.006723
498 0.001677
499 0.001923
500 0.001677
502 0.002023
503 0.001677
504 0.001677
505 0.001677
506 0.001677
507 0.001676
508 0.001677
509 0.001677
542 0.126262
543 0.001677
545 0.006723
546 0.001677
548 0.002013
549 0.001677
550 0.001933
551 0.001677
552 0.001677
553 0.001677
555 0.002013
556 0.001676
557 0.001677
558 0.001677
559 0.001677
592 0.124249
593 0.001677
595 0.006723
596 0.001677
598 0.002013
599 0.001677
600 0.001933
601 0.001677
603 0.002013
604 0.001677
605 0.001677
606 0.001676
607 0.001677
608 0.002013
609 0.001677
645 0.122213
646 0.002013
648 0.006387
649 0.002013
651 0.001687
652 0.001677
653 0.001923
654 0.001677
656 0.002023
657 0.001677
658 0.001677
659 0.001677
661 0.002013
662 0.001676
663 0.001677
665 0.001677
666 0.001677
704 0.120849
705 0.001677
707 0.006723
708 0.001677
709 0.001723
710 0.001677
712 0.002013
713 0.001677
714 0.001933
715 0.001677
716 0.001677
717 0.002013
719 0.001677
720 0.001676
721 0.001680
722 0.001677
723 0.001677
769 0.119082
772 0.020864
774 0.002013
775 0.001687
776 0.001677
777 0.001677
778 0.001677
780 0.002013
781 0.001676
818 0.139580
819 0.002013
821 0.001677
822 0.001677
823 0.001677
824 0.001676
825 0.001677
828 0.002013
829 0.001677
868 0.137913
869 0.002000
870 0.001700
871 0.003300
872 0.001677
873 0.001677
875 0.002013
876 0.001677
877 0.001676
878 0.001677
921 0.134539
923 0.010364
924 0.002100
925 0.001677
927 0.002013
929 0.001677
965 0.144533
966 0.001677
967 0.001677
968 0.001677
969 0.001677
970 0.001676
972 0.001677
973 0.001677
1010 0.141962
1011 0.001677
1013 0.002013
1014 0.001677
1015 0.001677
1017 0.001676
1018 0.001677
1020 0.001677
1058 0.141626
1059 0.001677
1060 0.001923
1061 0.001677
1062 0.001677
1063 0.001677
1065 0.001677
1066 0.001676
1069 0.001677
1070 0.001677
1114 0.136662
1115 0.001700
1116 0.001836
1120 0.008464
1122 0.001677
1124 0.002013
1161 0.136310
1162 0.001700
1166 0.010300
1167 0.001677
1168 0.001677
1169 0.001677
1172 0.002013
1208 0.134656
1209 0.001677
1214 0.010492
1215 0.001677
1217 0.001677
1218 0.001677
1219 0.001677
1258 0.133123
1259 0.001677
1260 0.001677
1265 0.008751
1268 0.005095
1269 0.001700
1306 0.133100
1307 0.001700
1309 0.002013
1314 0.013487
1315 0.001677
1316 0.001677
1317 0.001677
1356 0.129769
1357 0.001677
1359 0.002023
1360 0.001677
1366 0.013523
1367 0.001677
1369 0.001677
1370 0.001677
1371 0.001677
1410 0.128092
1411 0.001677
1412 0.002023
1413 0.001677
1420 0.013523
1421 0.001677
1422 0.001677
1423 0.001677
1424 0.001677
1425 0.001676
1464 0.124716
1465 0.001677
1466 0.002023
1467 0.001677
1474 0.013523
1475 0.001677
1476 0.001677
1477 0.001677
1479 0.002013
1480 0.001676
1519 0.124380
1520 0.001677
1521 0.001677
1522 0.001677
1523 0.001677
1530 0.012192
1531 0.001677
1533 0.002013
1534 0.001677
1536 0.001677
1537 0.001676
1578 0.124380
1579 0.001677
1580 0.001677
1581 0.001677
1582 0.001677
1583 0.001676
1585 0.001677
1586 0.001677
1592 0.008862
1593 0.001677
1596 0.002013
1597 0.001677
1598 0.001677
1599 0.001676
1642 0.124380
1643 0.001677
1645 0.002013
1646 0.001677
1647 0.001677
1648 0.001676
1649 0.001677
1651 0.001677
1652 0.001677
1658 0.006849
1659 0.001677
1661 0.001923
1662 0.001677
1664 0.002013
1665 0.001677
1707 0.124133
1708 0.001677
1709 0.001923
1710 0.001677
1711 0.001677
1713 0.001677
1714 0.001677
1716 0.002012
1717 0.001677
1722 0.004903
1723 0.001677
1725 0.001923
1726 0.001677
1728 0.002023
1729 0.001677
1773 0.124123
1774 0.001677
1775 0.001923
1776 0.001677
1778 0.001677
1779 0.001677
1780 0.001677
1783 0.002012
1784 0.001677
1787 0.001677
1788 0.001677
1791 0.003249
1792 0.001677
1796 0.002013
1797 0.001677
1798 0.001933
1799 0.001677
1849 0.124123
1850 0.001677
1851 0.001923
1852 0.001677
1855 0.002013
1856 0.001677
1858 0.001677
1859 0.001676
1860 0.001677
1861 0.001677
1916 0.138026
1917 0.001900
1919 0.002013
1920 0.001687
1922 0.001700
1923 0.001677
1925 0.002013
1927 0.001677
1929 0.001677
1979 0.137656
1981 0.002013
1982 0.001887
1983 0.001700
1985 0.001700
1986 0.001700
1989 0.002013
1990 0.001687
1992 0.001677
2042 0.137623
2044 0.002013
2045 0.001887
2046 0.001700
2048 0.001700
2049 0.002013
2052 0.001687
2053 0.001700
2055 0.001700
2108 0.137669
2109 0.001931
2110 0.001900
2111 0.001700
2112 0.001700
2115 0.002013
2116 0.001687
2118 0.001700
2119 0.001700
2174 0.137700
2175 0.001900
2176 0.001900
2177 0.001700
2178 0.001700
2180 0.002013
2182 0.001687
2270 0.241601
2287 0.351999
2288 0.001677
2290 0.152023
2291 0.001677
2292 0.001677
2294 0.150346
2295 0.001677
2296 0.001677
2297 0.001677
2300 0.146969
2301 0.001677
2302 0.001677
2303 0.001677
2304 0.001677
2305 0.001676
2310 0.143616
2311 0.001677
2312 0.001677
2313 0.001677
2314 0.001677
2315 0.001676
2322 0.143616
2323 0.001677
2324 0.001677
2325 0.001677
2326 0.001677
2327 0.001692
2333 0.143600
2334 0.001700
2335 0.001677
2336 0.001677
2337 0.003346
2338 0.001677
2339 0.001677
2340 0.001677
2345 0.140269
2346 0.001677
2347 0.001677
2348 0.001677
2349 0.003369
2350 0.001677
2351 0.001677
2352 0.001677
2353 0.001677
2358 0.138592
2359 0.001677
2360 0.001677
2361 0.001677
2362 0.003369
2363 0.001677
2364 0.001677
2365 0.001677
2366 0.001677
2367 0.001676
2373 0.135216
2374 0.001677
2375 0.001677
2376 0.001677
2377 0.003369
2378 0.001677
2379 0.001677
2380 0.001677
2381 0.001677
2382 0.001676
2388 0.135216
2389 0.001677
2390 0.001677
2391 0.001677
2392 0.001677
2393 0.001692
2394 0.001677
2395 0.001677
2396 0.001677
2397 0.001677
2398 0.001676
2405 0.135216
2406 0.001677
2407 0.001677
2408 0.001677
2409 0.001677
2410 0.001676
2411 0.001677
2412 0.001677
2413 0.001677
2414 0.001677
2415 0.001676
2416 0.001677
2417 0.001677
2418 0.001677
2426 0.131901
2427 0.001677
2428 0.001677
2429 0.001677
2430 0.001677
2431 0.001676
2432 0.001677
2433 0.001677
2434 0.001677
2435 0.001677
2436 0.001676
2437 0.001677
2438 0.001677
2439 0.001677
2440 0.001677
2448 0.130224
2449 0.001677
2450 0.001677
2451 0.001677
2452 0.001677
2453 0.001676
2454 0.001677
2455 0.001677
2456 0.001677
2457 0.001677
2458 0.001676
2459 0.001677
2460 0.001677
2461 0.001677
2462 0.001677
2471 0.128524
2472 0.001677
2473 0.001677
2474 0.001677
2475 0.001677
2476 0.001676
2477 0.001677
2478 0.001677
2479 0.001677
2480 0.001677
2481 0.001676
2482 0.001677
2483 0.001677
2484 0.001677
2485 0.001677
2486 0.001676
2487 0.001677
2488 0.001677
2498 0.125194
2499 0.001677
2500 0.001677
2501 0.001677
2502 0.001677
2503 0.001676
2504 0.001677
2505 0.001677
2506 0.001677
2507 0.001677
2508 0.001676
2509 0.001677
2510 0.001677
2511 0.001677
2512 0.001677
2513 0.001676
2514 0.001677
2515 0.001677
2516 0.001677
2526 0.123517
2527 0.001677
2528 0.001677
2529 0.001677
2530 0.001677
2531 0.001676
2532 0.001677
2533 0.001677
2534 0.001677
2535 0.001677
2536 0.001676
2537 0.001677
2538 0.001677
2539 0.001677
2540 0.001677
2541 0.001676
2542 0.001677
2543 0.001677
2544 0.001677
2545 0.001677
2556 0.120140
2557 0.001677
2558 0.001677
2559 0.001677
2560 0.001677
2561 0.001676
2562 0.001677
2563 0.001677
2564 0.001677
2565 0.001677
2566 0.001676
2567 0.001677
2568 0.001677
2569 0.001677
2570 0.001677
2571 0.001676
2572 0.001677
2573 0.001677
2574 0.001677
2575 0.001677
2576 0.001676
2588 0.118464
2589 0.001677
2590 0.001677
2591 0.001677
2592 0.001677
2593 0.001676
2594 0.001677
2595 0.001677
2596 0.001677
2597 0.001677
2598 0.001676
2599 0.001677
2600 0.001677
2601 0.001677
2602 0.001677
2603 0.001676
2604 0.001677
2605 0.001677
2606 0.001677
2607 0.001677
2608 0.001676
2609 0.001677
2610 0.001677
2611 0.001677
2624 0.115133
2625 0.001677
2626 0.001677
2627 0.001677
2628 0.001677
2629 0.001676
2630 0.001677
2631 0.001677
2632 0.001677
2633 0.001677
2634 0.001676
2635 0.001677
2636 0.001677
2637 0.001677
2638 0.001677
2639 0.001676
2640 0.001677
2641 0.001677
2642 0.001677
2643 0.001677
2644 0.001676
2645 0.001677
2646 0.001677
2647 0.001677
2648 0.001677
2661 0.113456
2662 0.001677
2663 0.001677
2664 0.001677
2665 0.001677
2666 0.001676
2667 0.001677
2668 0.001677
2669 0.001677
2670 0.001677
2671 0.001676
2672 0.001677
2673 0.001677
2674 0.001677
2675 0.001677
2676 0.001676
2677 0.001677
2678 0.001677
2679 0.001677
2680 0.001677
2681 0.001676
2682 0.001677
2683 0.001677
2684 0.001677
2685 0.001677
2686 0.001676
2700 0.110080
2701 0.001677
2702 0.001677
2703 0.001677
2704 0.001677
2705 0.001676
2706 0.001677
2707 0.001677
2708 0.001677
2709 0.001677
2710 0.001676
2711 0.001677
2712 0.001677
2713 0.001677
2714 0.001701
2715 0.001677
2716 0.001677
2717 0.001677
2718 0.001677
2719 0.001676
2720 0.001677
2721 0.001677
2722 0.001677
2723 0.001677
2724 0.001676
2725 0.001677
2726 0.001677
2741 0.108378
2742 0.001677
2743 0.001677
2744 0.001677
2745 0.001677
2746 0.001676
2747 0.001677
2748 0.001677
2749 0.001677
2750 0.001677
2751 0.001676
2752 0.001677
2753 0.001677
2754 0.001677
2755 0.001701
2756 0.001677
2757 0.001677
2758 0.001677
2759 0.001677
2760 0.001676
2761 0.001677
2762 0.001677
2763 0.001677
2764 0.001677
2765 0.001676
2766 0.001677
2767 0.001677
2768 0.001677
2769 0.001677
2784 0.106724
2785 0.001677
2786 0.001677
2787 0.001677
2788 0.001677
2789 0.001676
2790 0.001677
2791 0.001677
2792 0.001677
2793 0.001677
2794 0.001676
2795 0.001677
2796 0.001677
2797 0.001677
2798 0.001701
2799 0.001677
2800 0.001677
2801 0.001677
2802 0.001677
2803 0.001676
2804 0.001677
2805 0.001677
2806 0.001677
2807 0.001677
2808 0.001676
2809 0.001677
2810 0.001677
2811 0.001677
2812 0.001677
2813 0.001676
2829 0.103348
2830 0.001677
2831 0.001677
2832 0.001677
2833 0.001677
2834 0.001676
2835 0.001677
2836 0.001677
2837 0.001677
2838 0.001677
2839 0.001676
2840 0.001677
2841 0.001677
2842 0.001677
2843 0.001701
2844 0.001677
2845 0.001677
2846 0.001677
2847 0.001677
2848 0.001676
2849 0.001677
2850 0.001677
2851 0.001677
2852 0.001677
2853 0.001676
2854 0.001677
2855 0.001677
2856 0.001677
2857 0.001677
2858 0.001676
2859 0.001677
2876 0.101671
2877 0.001677
2878 0.001677
2879 0.001677
2880 0.001677
2881 0.001676
2882 0.001677
2883 0.001677
2884 0.001677
2885 0.001677
2886 0.001676
2887 0.001677
2888 0.001677
2889 0.001677
2890 0.001701
2891 0.001677
2892 0.001677
2893 0.001677
2894 0.001677
2895 0.001676
2896 0.001677
2897 0.001677
2898 0.001677
2899 0.001677
2900 0.001676
2901 0.001677
2902 0.001677
2903 0.001677
2904 0.001677
2905 0.001676
2906 0.001677
2907 0.001677
2908 0.001677
2909 0.001677
2927 0.098340
2928 0.001677
2929 0.001677
2930 0.001677
2931 0.001677
2932 0.001676
2933 0.001677
2934 0.001677
2935 0.001677
2936 0.001677
2937 0.001676
2938 0.001677
2939 0.001677
2940 0.001677
2941 0.001701
2942 0.001677
2943 0.001677
2944 0.001677
2945 0.001677
2946 0.001676
2947 0.001677
2948 0.001677
2949 0.001677
2950 0.001677
2951 0.001676
2952 0.001677
2953 0.001677
2954 0.001677
2955 0.001677
2956 0.001676
2957 0.001677
2958 0.001677
2959 0.001677
2960 0.001677
2961 0.001676
2979 0.096664
2980 0.001677
2981 0.001677
2982 0.001677
2983 0.001677
2984 0.001676
2985 0.001677
2986 0.001677
2987 0.001677
2988 0.001677
2989 0.001676
2990 0.001677
2991 0.001677
2992 0.001677
2993 0.001701
2994 0.001677
2995 0.001677
2996 0.001677
2997 0.001677
2998 0.001676
2999 0.001677
3000 0.001677
3001 0.001677
3002 0.001677
3003 0.001676
3004 0.001677
3005 0.001677
3006 0.001677
3007 0.001677
3008 0.001676
3009 0.001677
3010 0.001677
3011 0.001677
3012 0.001677
3013 0.001676
3014 0.001677
3033 0.093287
3034 0.001677
3035 0.001677
3036 0.001677
3037 0.001677
3038 0.001676
3039 0.001677
3040 0.001677
3041 0.001677
3042 0.001677
3043 0.001676
3044 0.001677
3045 0.001677
3046 0.001677
3047 0.001701
3048 0.001677
3049 0.001677
3050 0.001677
3051 0.001677
3052 0.001676
3053 0.001677
3054 0.001677
3055 0.001677
3056 0.001677
3057 0.001676
3058 0.001677
3059 0.001677
3060 0.001677
3061 0.001677
3062 0.001676
3063 0.001677
3064 0.001677
3065 0.001677
3066 0.001677
3067 0.001676
3068 0.001677
3069 0.001677
3089 0.091610
3090 0.001677
3091 0.001677
3092 0.001677
3093 0.001677
3094 0.001676
3095 0.001677
3096 0.001677
3097 0.001677
3098 0.001677
3099 0.001676
3100 0.001677
3101 0.001677
3102 0.001677
3103 0.001701
3104 0.001677
3105 0.001677
3106 0.001677
3107 0.001677
3108 0.001676
3109 0.001677
3110 0.001677
3111 0.001677
3112 0.001677
3113 0.001676
3114 0.001677
3115 0.001677
3116 0.001677
3117 0.001677
3118 0.001676
3119 0.001677
3120 0.001677
3121 0.001677
3122 0.001677
3123 0.001676
3124 0.001677
3125 0.001677
3126 0.001677
3127 0.001677
3128 0.001676
3149 0.088280
3150 0.001677
3151 0.001677
3152 0.001677
3153 0.001677
3154 0.001676
3155 0.001677
3156 0.001677
3157 0.001677
3158 0.001677
3159 0.001676
3160 0.001677
3161 0.001677
3162 0.001677
3163 0.001701
3164 0.001677
3165 0.001677
3166 0.001677
3167 0.001677
3168 0.001676
3169 0.001677
3170 0.001677
3171 0.001677
3172 0.001677
3173 0.001676
3174 0.001677
3175 0.001677
3176 0.001677
3177 0.001677
3178 0.001676
3179 0.001677
3180 0.001677
3181 0.001677
3182 0.001677
3183 0.001676
3184 0.001677
3185 0.001677
3186 0.001677
3187 0.001677
3188 0.001676
3189 0.001677
3210 0.086603
3211 0.001677
3212 0.001677
3213 0.001677
3214 0.001677
3215 0.001676
3216 0.001677
3217 0.001677
3218 0.001677
3219 0.001677
3220 0.001676
3221 0.001677
3222 0.001677
3223 0.001677
3224 0.001701
3225 0.001677
3226 0.001677
3227 0.001677
3228 0.001677
3229 0.001676
3230 0.001677
3231 0.001677
3232 0.001677
3233 0.001677
3234 0.001676
3235 0.001677
3236 0.001677
3237 0.001677
3238 0.001677
3239 0.001676
3240 0.001677
3241 0.001677
3242 0.001677
3243 0.001677
3244 0.001676
3245 0.001677
3246 0.001677
3247 0.001677
3248 0.001677
3249 0.001676
3250 0.001677
3272 0.084903
3273 0.001677
3274 0.001677
3275 0.001677
3276 0.001677
3277 0.001676
3278 0.001677
3279 0.001677
3280 0.001677
3281 0.001677
3282 0.001676
3283 0.001677
3284 0.001677
3285 0.001677
3286 0.001701
3287 0.001677
3288 0.001677
3289 0.001677
3290 0.001677
3291 0.001676
3292 0.001677
3293 0.001677
3294 0.001677
3295 0.001677
3296 0.001676
3297 0.001677
3298 0.001677
3299 0.001677
3300 0.001701
3301 0.001677
3302 0.001677
3303 0.001677
3304 0.001677
3305 0.001676
3306 0.001677
3307 0.001677
3308 0.001677
3309 0.001677
3310 0.001676
3311 0.001677
3312 0.001677
3313 0.001677
3314 0.001677
3315 0.001676
3338 0.081548
3339 0.001677
3340 0.001677
3341 0.001677
3342 0.001677
3343 0.001676
3344 0.001677
3345 0.001677
3346 0.001677
3347 0.001677
3348 0.001676
3349 0.001677
3350 0.001677
3351 0.001677
3352 0.001701
3353 0.001677
3354 0.001677
3355 0.001677
3356 0.001677
3357 0.001676
3358 0.001677
3359 0.001677
3360 0.001677
3361 0.001677
3362 0.001676
3363 0.001677
3364 0.001677
3365 0.001677
3366 0.001701
3367 0.001677
3368 0.001677
3369 0.001677
3370 0.001677
3371 0.001676
3372 0.001677
3373 0.001677
3374 0.001677
3375 0.001677
3376 0.001676
3377 0.001677
3378 0.001677
3379 0.001677
3380 0.001677
3381 0.001676
3382 0.001677
3405 0.079871
3406 0.001677
3407 0.001677
3408 0.001677
3409 0.001677
3410 0.001676
3411 0.001677
3412 0.001677
3413 0.001677
3414 0.001677
3415 0.001676
3416 0.001677
3417 0.001677
3418 0.001677
3419 0.001701
3420 0.001677
3421 0.001677
3422 0.001677
3423 0.001677
3424 0.001676
3425 0.001677
3426 0.001677
3427 0.001677
3428 0.001677
3429 0.001676
3430 0.001677
3431 0.001677
3432 0.001677
3433 0.001701
3434 0.001677
3435 0.001677
3436 0.001677
3437 0.001677
3438 0.001676
3439 0.001677
3440 0.001677
3441 0.001677
3442 0.001677
3443 0.001676
3444 0.001677
3445 0.001677
3446 0.001677
3447 0.001677
3448 0.001676
3449 0.001677
3450 0.001677
3474 0.076494
3475 0.001677
3476 0.001677
3477 0.001677
3478 0.001677
3479 0.001676
3480 0.001677
3481 0.001677
3482 0.001677
3483 0.001677
3484 0.001676
3485 0.001677
3486 0.001677
3487 0.001677
3488 0.001701
3489 0.001677
3490 0.001677
3491 0.001677
3492 0.001677
3493 0.001676
3494 0.001677
3495 0.001677
3496 0.001677
3497 0.001677
3498 0.001676
3499 0.001677
3500 0.001677
3501 0.001677
3502 0.001701
3503 0.001677
3504 0.001677
3505 0.001677
3506 0.001677
3507 0.001676
3508 0.001677
3509 0.001677
3510 0.001677
3511 0.001677
3512 0.001676
3513 0.001677
3514 0.001677
3515 0.001677
3516 0.001677
3517 0.001676
3518 0.001677
3519 0.001677
3520 0.001677
3544 0.074817
3545 0.001677
3547 0.001677
3548 0.001677
3549 0.001677
3550 0.001676
3551 0.001677
3552 0.001677
3553 0.001677
3554 0.001677
3555 0.001676
3556 0.001677
3557 0.001677
3558 0.001677
3559 0.001701
3560 0.001677
3561 0.001677
3562 0.001677
3563 0.001677
3564 0.001676
3565 0.001677
3566 0.001677
3567 0.001677
3568 0.001677
3569 0.001676
3570 0.001677
3571 0.001677
3572 0.001677
3573 0.001701
3574 0.001677
3575 0.001677
3576 0.001677
3577 0.001677
3578 0.001676
3579 0.001677
3580 0.001677
3581 0.001677
3582 0.001677
3583 0.001676
3584 0.001677
3585 0.001677
3586 0.001677
3587 0.001677
3588 0.001676
3589 0.001677
3590 0.001677
3591 0.001677
3592 0.001677
3593 0.001676
3594 0.001677
3618 0.071487
3619 0.001677
3621 0.001677
3622 0.001677
3624 0.001677
3625 0.001676
3626 0.001677
3627 0.001677
3628 0.001677
3629 0.001677
3630 0.001676
3631 0.001677
3632 0.001677
3633 0.001677
3634 0.001701
3635 0.001677
3636 0.001677
3637 0.001677
3638 0.001677
3639 0.001676
3640 0.001677
3641 0.001677
3642 0.001677
3643 0.001677
3644 0.001676
3645 0.001677
3646 0.001677
3647 0.001677
3648 0.001701
3649 0.001677
3650 0.001677
3651 0.001677
3652 0.001677
3653 0.001676
3654 0.001677
3655 0.001677
3656 0.001677
3657 0.001677
3658 0.001676
3659 0.001677
3660 0.001677
3661 0.001677
3662 0.001677
3663 0.001676
3664 0.001677
3665 0.001677
3666 0.001677
3667 0.001677
3668 0.001676
3670 0.001677
3671 0.001677
3694 0.069810
3695 0.001677
3697 0.001677
3698 0.001677
3700 0.001677
3701 0.001676
3702 0.001677
3703 0.001677
3704 0.001677
3705 0.001677
3706 0.001676
3707 0.001677
3708 0.001677
3709 0.001677
3710 0.001701
3711 0.001677
3712 0.001677
3713 0.001677
3714 0.001677
3715 0.001676
3716 0.001677
3717 0.001677
3718 0.001677
3719 0.001677
3720 0.001676
3721 0.001677
3722 0.001677
3723 0.001677
3724 0.001701
3725 0.001677
3726 0.001677
3727 0.001677
3728 0.001677
3729 0.001676
3730 0.001677
3731 0.001677
3732 0.001677
3733 0.001677
3734 0.001676
3735 0.001677
3736 0.001677
3737 0.001677
3738 0.001677
3739 0.001676
3740 0.001677
3741 0.001677
3742 0.001677
3743 0.001677
3745 0.001676
3746 0.001677
3748 0.001677
3749 0.001677
3771 0.066433
3772 0.001677
3774 0.001677
3775 0.001677
3777 0.001677
3778 0.001676
3780 0.001677
3781 0.001677
3782 0.001677
3783 0.001677
3784 0.001676
3785 0.001677
3786 0.001677
3787 0.001677
3788 0.001701
3789 0.001677
3790 0.001677
3791 0.001677
3792 0.001677
3793 0.001676
3794 0.001677
3795 0.001677
3796 0.001677
3797 0.001677
3798 0.001676
3799 0.001677
3800 0.001677
3801 0.001677
3802 0.001701
3803 0.001677
3804 0.001677
3805 0.001677
3806 0.001677
3807 0.001676
3808 0.001677
3809 0.001677
3810 0.001677
3811 0.001677
3812 0.001676
3813 0.001677
3814 0.001677
3815 0.001677
3816 0.001677
3817 0.001676
3818 0.001677
3819 0.001677
3820 0.001677
3822 0.001677
3823 0.001676
3825 0.001677
3826 0.001677
3828 0.001677
3829 0.001677
3850 0.064756
3851 0.001677
3853 0.001677
3854 0.001677
3856 0.001677
3857 0.001676
3859 0.001677
3860 0.001677
3862 0.001677
3863 0.001677
3864 0.001676
3865 0.001677
3866 0.001677
3867 0.001677
3868 0.001701
3869 0.001677
3870 0.001677
3871 0.001677
3872 0.001677
3873 0.001676
3874 0.001677
3875 0.001677
3876 0.001677
3877 0.001677
3878 0.001676
3879 0.001677
3880 0.001677
3881 0.001677
3882 0.001701
3883 0.001677
3884 0.001677
3885 0.001677
3886 0.001677
3887 0.001676
3888 0.001677
3889 0.001677
3890 0.001677
3891 0.001677
3892 0.001676
3893 0.001677
3894 0.001677
3895 0.001677
3896 0.001677
3897 0.001676
3898 0.001677
3899 0.001677
3900 0.001677
3901 0.001677
3902 0.001676
3904 0.001677
3905 0.001677
3907 0.001677
3908 0.001677
3910 0.001676
3911 0.001677
3932 0.063103
3933 0.001677
3935 0.001677
3936 0.001677
3938 0.001677
3939 0.001676
3941 0.001677
3942 0.001677
3944 0.001677
3945 0.001677
3946 0.001676
3947 0.001677
3948 0.001677
3949 0.001677
3950 0.001701
3951 0.001677
3952 0.001677
3953 0.001677
3954 0.001677
3955 0.001676
3956 0.001677
3957 0.001677
3958 0.001677
3959 0.001677
3960 0.001676
3961 0.001677
3962 0.001677
3963 0.001677
3964 0.001701
3965 0.001677
3966 0.001677
3967 0.001677
3968 0.001677
3969 0.001676
3970 0.001677
3971 0.001677
3972 0.001677
3973 0.001677
3974 0.001676
3975 0.001677
3976 0.001677
3977 0.001677
3978 0.001677
3979 0.001676
3980 0.001677
3981 0.001677
3982 0.001677
3983 0.001677
3985 0.001676
3986 0.001677
3988 0.001677
3989 0.001677
3991 0.001677
3992 0.001676
3994 0.001677
3995 0.001677
4015 0.059726
4016 0.001677
4018 0.001677
4019 0.001677
4021 0.001677
4022 0.001676
4024 0.001677
4025 0.001677
4027 0.001677
4028 0.001677
4030 0.001676
4031 0.001677
4032 0.001677
4033 0.001677
4034 0.001701
4035 0.001677
4036 0.001677
4037 0.001677
4038 0.001677
4039 0.001676
4040 0.001677
4041 0.001677
4042 0.001677
4043 0.001677
4044 0.001676
4045 0.001677
4046 0.001677
4047 0.001677
4048 0.001701
4049 0.001677
4050 0.001677
4051 0.001677
4052 0.001677
4053 0.001676
4054 0.001677
4055 0.001677
4056 0.001677
4057 0.001677
4058 0.001676
4059 0.001677
4060 0.001677
4061 0.001677
4062 0.001701
4063 0.001677
4064 0.001677
4065 0.001677
4066 0.001677
4068 0.001676
4069 0.001677
4071 0.001677
4072 0.001677
4074 0.001677
4075 0.001676
4077 0.001677
4078 0.001677
4080 0.001677
4081 0.001677
4100 0.058024
4101 0.001677
4103 0.001677
4104 0.001677
4106 0.001677
4107 0.001676
4109 0.001677
4110 0.001677
4112 0.001677
4113 0.001677
4115 0.001676
4116 0.001677
4118 0.001677
4119 0.001677
4120 0.001701
4121 0.001677
4122 0.001677
4123 0.001677
4124 0.001677
4125 0.001676
4126 0.001677
4127 0.001677
4128 0.001677
4129 0.001677
4130 0.001676
4131 0.001677
4132 0.001677
4133 0.001677
4134 0.001701
4135 0.001677
4136 0.001677
4137 0.001677
4138 0.001677
4139 0.001676
4140 0.001677
4141 0.001677
4142 0.001677
4143 0.001677
4144 0.001676
4145 0.001677
4146 0.001677
4147 0.001677
4148 0.001701
4149 0.001677
4150 0.001677
4151 0.001677
4152 0.001677
4153 0.001676
4154 0.001677
4155 0.001677
4157 0.001677
4158 0.001677
4160 0.001676
4161 0.001677
4163 0.001677
4164 0.001677
4166 0.001677
4167 0.001676
4169 0.001677
4170 0.001677
4189 0.054694
4190 0.001677
4192 0.001677
4193 0.001677
4195 0.001677
4196 0.001676
4198 0.001677
4199 0.001677
4201 0.001677
4202 0.001677
4204 0.001676
4205 0.001677
4207 0.001677
4208 0.001677
4210 0.001701
4211 0.001677
4212 0.001677
4213 0.001677
4214 0.001677
4215 0.001676
4216 0.001677
4217 0.001677
4218 0.001677
4219 0.001677
4220 0.001676
4221 0.001677
4222 0.001677
4223 0.001677
4224 0.001701
4225 0.001677
4226 0.001677
4227 0.001677
4228 0.001677
4229 0.001676
4230 0.001677
4231 0.001677
4232 0.001677
4233 0.001677
4234 0.001676
4235 0.001677
4236 0.001677
4237 0.001677
4238 0.001701
4239 0.001677
4240 0.001677
4241 0.001677
4242 0.001677
4243 0.001676
4244 0.001677
4246 0.001677
4247 0.001677
4249 0.001677
4250 0.001676
4252 0.001677
4253 0.001677
4255 0.001677
4256 0.001677
4258 0.001676
4259 0.001677
4261 0.001677
4262 0.001677
4280 0.053017
4281 0.001677
4283 0.001677
4284 0.001677
4286 0.001677
4287 0.001676
4289 0.001677
4290 0.001677
4292 0.001677
4293 0.001677
4295 0.001676
4296 0.001677
4298 0.001677
4299 0.001677
4301 0.001701
4302 0.001677
4303 0.001677
4304 0.001677
4305 0.001677
4306 0.001676
4307 0.001677
4308 0.001677
4309 0.001677
4310 0.001677
4311 0.001676
4312 0.001677
4313 0.001677
4314 0.001677
4315 0.001701
4316 0.001677
4317 0.001677
4318 0.001677
4319 0.001677
4320 0.001676
4321 0.001677
4322 0.001677
4323 0.001677
4324 0.001677
4325 0.001676
4326 0.001677
4327 0.001677
4328 0.001677
4329 0.001701
4330 0.001677
4331 0.001677
4332 0.001677
4334 0.001677
4335 0.001676
4337 0.001677
4338 0.001677
4339 0.001677
4340 0.001677
4342 0.001676
4343 0.001677
4345 0.001677
4346 0.001677
4348 0.001677
4349 0.001676
4351 0.001677
4352 0.001677
4354 0.001677
4355 0.001677
4372 0.049640
4373 0.001677
4375 0.001677
4376 0.001677
4378 0.001677
4379 0.001676
4381 0.001677
4382 0.001677
4384 0.001677
4385 0.001677
4387 0.001676
4388 0.001677
4390 0.001677
4391 0.001677
4393 0.001701
4394 0.001677
4396 0.001677
4397 0.001677
4398 0.001677
4399 0.001676
4400 0.001677
4401 0.001677
4402 0.001677
4403 0.001677
4404 0.001676
4405 0.001677
4406 0.001677
4407 0.001677
4408 0.001701
4409 0.001677
4410 0.001677
4411 0.001677
4412 0.001677
4413 0.001676
4414 0.001677
4415 0.001677
4416 0.001677
4417 0.001677
4418 0.001676
4419 0.001677
4420 0.001677
4421 0.001677
4422 0.001701
4423 0.001677
4424 0.001677
4425 0.001677
4427 0.001677
4428 0.001676
4430 0.001677
4431 0.001677
4433 0.001677
4434 0.001677
4435 0.001676
4437 0.001677
4438 0.001677
4440 0.001677
4441 0.001677
4443 0.001676
4444 0.001677
4446 0.001677
4447 0.001677
4449 0.001677
4450 0.001676
4466 0.047964
4467 0.001677
4469 0.001677
4470 0.001677
4472 0.001677
4473 0.001676
4475 0.001677
4476 0.001677
4478 0.001677
4479 0.001677
4481 0.001676
4482 0.001677
4484 0.001677
4485 0.001677
4487 0.001701
4488 0.001677
4490 0.001677
4491 0.001677
4493 0.001677
4494 0.001676
4495 0.001677
4496 0.001677
4497 0.001677
4498 0.001677
4499 0.001676
4500 0.001677
4501 0.001677
4502 0.001677
4503 0.001701
4504 0.001677
4505 0.001677
4506 0.001677
4507 0.001677
4508 0.001676
4509 0.001677
4510 0.001677
4511 0.001677
4512 0.001677
4513 0.001676
4514 0.001677
4515 0.001677
4516 0.001677
4517 0.001701
4518 0.001677
4519 0.001677
4520 0.001677
4521 0.001677
4522 0.001676
4524 0.001677
4525 0.001677
4527 0.001677
4528 0.001677
4530 0.001676
4531 0.001677
4533 0.001677
4534 0.001677
4536 0.001701
4537 0.001677
4539 0.001677
4540 0.001677
4542 0.001677
4543 0.001676
4545 0.001677
4546 0.001677
4562 0.047962
4563 0.001677
4565 0.001677
4566 0.001677
4568 0.001677
4569 0.001676
4571 0.001677
4572 0.001677
4574 0.001677
4575 0.001677
4577 0.001676
4578 0.001677
4580 0.001677
4581 0.001677
4583 0.001701
4584 0.001677
4586 0.001677
4587 0.001677
4589 0.001677
4590 0.001676
4591 0.001677
4592 0.001677
4593 0.001677
4594 0.001677
4595 0.001676
4596 0.001677
4597 0.001677
4598 0.001677
4599 0.001701
4600 0.001677
4601 0.001677
4602 0.001677
4603 0.001677
4604 0.001676
4605 0.001677
4606 0.001677
4607 0.001677
4608 0.001677
4609 0.001676
4610 0.001677
4611 0.001677
4612 0.001677
4613 0.001701
4614 0.001677
4615 0.001677
4616 0.001677
4617 0.001677
4618 0.001676
4620 0.001677
4621 0.001677
4623 0.001677
4624 0.001677
4626 0.001676
4627 0.001677
4629 0.001677
4630 0.001677
4632 0.001701
4633 0.001677
4635 0.001677
4636 0.001677
4638 0.001677
4639 0.001676
4641 0.001677
4642 0.001677
4658 0.047962
4659 0.001677
4661 0.001677
4662 0.001677
4664 0.001677
4665 0.001676
4667 0.001677
4668 0.001677
4670 0.001677
4671 0.001677
4673 0.001676
4674 0.001677
4676 0.001677
4677 0.001677
4679 0.001701
4680 0.001677
4682 0.001677
4683 0.001677
4685 0.001677
4686 0.001676
4687 0.001677
4688 0.001677
4689 0.001677
4690 0.001677
4691 0.001676
4692 0.001677
4693 0.001677
4694 0.001677
4695 0.001701
4696 0.001677
4697 0.001677
4698 0.001677
4699 0.001677
4700 0.001676
4701 0.001677
4702 0.001677
4703 0.001677
4704 0.001677
4705 0.001676
4706 0.001677
4707 0.001677
4708 0.001677
4709 0.001701
4710 0.001677
4711 0.001677
4712 0.001677
4713 0.001677
4714 0.001676
4716 0.001677
4717 0.001677
4719 0.001677
4720 0.001677
4722 0.001676
4723 0.001677
4725 0.001677
4726 0.001677
4728 0.001701
4729 0.001677
4731 0.001677
4732 0.001677
4734 0.001677
4735 0.001676
4737 0.001677
4738 0.001677
4754 0.047962
4755 0.001677
4757 0.001677
4758 0.001677
4760 0.001677
4761 0.001676
4763 0.001677
4764 0.001677
4766 0.001677
4767 0.001677
4769 0.001676
4770 0.001677
4772 0.001677
4773 0.001677
4775 0.001701
4776 0.001677
4778 0.001677
4779 0.001677
4781 0.001677
4782 0.001676
4783 0.001677
4784 0.001677
4785 0.001677
4786 0.001677
4787 0.001676
4788 0.001677
4789 0.001677
4790 0.001677
4791 0.001701
4792 0.001677
4793 0.001677
4794 0.001677
4795 0.001677
4796 0.001676
4797 0.001677
4798 0.001677
4799 0.001677
4800 0.001677
4801 0.001676
4802 0.001677
4803 0.001677
4804 0.001677
4805 0.001701
4806 0.001677
4807 0.001677
4808 0.001677
4809 0.001677
4810 0.001676
4812 0.001677
4813 0.001677
4815 0.001677
4816 0.001677
4818 0.001676
4819 0.001677
4821 0.001677
4822 0.001677
4824 0.001701
4825 0.001677
4827 0.001677
4828 0.001677
4830 0.001677
4831 0.001676
4833 0.001677
4834 0.001677
4850 0.047962
4851 0.001677
4853 0.001677
4854 0.001677
4856 0.001677
4857 0.001676
4859 0.001677
4860 0.001677
4862 0.001677
4863 0.001677
4865 0.001676
4866 0.001677
4868 0.001677
4869 0.001677
4871 0.001701
4872 0.001677
4874 0.001677
4875 0.001677
4877 0.001677
4878 0.001676
4879 0.001677
4880 0.001677
4881 0.001677
4882 0.001677
4883 0.001676
4884 0.001677
4885 0.001677
4886 0.001677
4887 0.001701
4888 0.001677
4889 0.001677
4890 0.001677
4891 0.001677
4892 0.001676
4893 0.001677
4894 0.001677
4895 0.001677
4896 0.001677
4897 0.001676
4898 0.001677
4899 0.001677
4900 0.001677
4901 0.001701
4902 0.001677
4903 0.001677
4904 0.001677
4905 0.001677
4906 0.001676
4908 0.001677
4909 0.001677
4911 0.001677
4912 0.001677
4914 0.001676
4915 0.001677
4917 0.001677
4918 0.001677
4920 0.001701
4921 0.001677
4923 0.001677
4924 0.001677
4926 0.001677
4927 0.001676
4929 0.001677
4930 0.001677
4946 0.047962
4947 0.001677
4949 0.001677
4950 0.001677
4952 0.001677
4953 0.001676
4955 0.001677
4956 0.001677
4958 0.001677
4959 0.001677
4961 0.001676
4962 0.001677
4964 0.001677
4965 0.001677
4967 0.001701
4968 0.001677
4970 0.001677
4971 0.001677
4973 0.001677
4974 0.001676
4975 0.001677
4976 0.001677
4977 0.001677
4978 0.001677
4979 0.001676
4980 0.001677
4981 0.001677
4982 0.001677
4983 0.001701
4984 0.001677
4985 0.001677
4986 0.001677
4987 0.001677
4988 0.001676
4989 0.001677
4990 0.001677
4991 0.001677
4992 0.001677
4993 0.001676
4994 0.001677
4995 0.001677
4996 0.001677
4997 0.001701
4998 0.001677
4999 0.001677
5000 0.001677
5001 0.001677
5002 0.001676
5004 0.001677
5005 0.001677
5007 0.001677
5008 0.001677
5010 0.001676
5011 0.001677
5013 0.001677
5014 0.001677
5016 0.001701
5017 0.001677
5019 0.001677
5020 0.001677
5022 0.001677
5023 0.001676
5025 0.001677
5026 0.001677
5042 0.047962
5043 0.001677
5045 0.001677
5046 0.001677
5048 0.001677
5049 0.001676
5051 0.001677
5052 0.001677
5054 0.001677
5055 0.001677
5057 0.001676
5058 0.001677
5060 0.001677
5061 0.001677
5063 0.001701
5064 0.001677
5066 0.001677
5067 0.001677
5069 0.001677
5070 0.001676
5071 0.001677
5072 0.001677
5073 0.001677
5074 0.001677
5075 0.001676
5076 0.001677
5077 0.001677
5078 0.001677
5079 0.001701
5080 0.001677
5081 0.001677
5082 0.001677
5083 0.001677
5084 0.001676
5085 0.001677
5086 0.001677
5087 0.001677
5088 0.001677
5089 0.001676
5090 0.001677
5091 0.001677
5092 0.001677
5093 0.001701
5094 0.001677
5095 0.001677
5096 0.001677
5097 0.001677
5098 0.001676
5100 0.001677
5101 0.001677
5103 0.001677
5104 0.001677
5106 0.001676
5107 0.001677
5109 0.001677
5110 0.001677
5112 0.001701
5113 0.001677
5115 0.001677
5116 0.001677
5118 0.001677
5119 0.001676
5121 0.001677
5122 0.001677
5138 0.047962
5139 0.001677
5141 0.001677
5142 0.001677
5144 0.001677
5145 0.001676
5147 0.001677
5148 0.001677
5150 0.001677
5151 0.001677
5153 0.001676
5154 0.001677
5156 0.001677
5157 0.001677
5159 0.001701
5160 0.001677
5162 0.001677
5163 0.001677
5165 0.001677
5166 0.001676
5167 0.001677
5168 0.001677
5169 0.001677
5170 0.001677
5171 0.001676
5172 0.001677
5173 0.001677
5174 0.001677
5175 0.001701
5176 0.001677
5177 0.001677
5178 0.001677
5179 0.001677
5180 0.001676
5181 0.001677
5182 0.001677
5183 0.001677
5184 0.001677
5185 0.001676
5186 0.001677
5187 0.001677
5188 0.001677
5189 0.001701
5190 0.001677
5191 0.001677
5192 0.001677
5193 0.001677
5194 0.001676
5196 0.001677
5197 0.001677
5199 0.001677
5200 0.001677
5202 0.001676
5203 0.001677
5205 0.001677
5206 0.001677
5208 0.001701
5209 0.001677
5211 0.001677
5212 0.001677
5214 0.001677
5215 0.001676
5217 0.001677
5218 0.001677
5234 0.047962
5235 0.001677
5237 0.001677
5238 0.001677
5240 0.001677
5241 0.001676
5243 0.001677
5244 0.001677
5246 0.001677
5247 0.001677
5249 0.001676
5250 0.001677
5252 0.001677
5253 0.001677
5255 0.001701
5256 0.001677
5258 0.001677
5259 0.001677
5261 0.001677
5262 0.001676
5263 0.001677
5264 0.001677
5265 0.001677
5266 0.001677
5267 0.001676
5268 0.001677
5269 0.001677
5270 0.001677
5271 0.001701
5272 0.001677
5273 0.001677
5274 0.001677
5275 0.001677
5276 0.001676
5277 0.001677
5278 0.001677
5279 0.001677
5280 0.001677
5281 0.001676
5282 0.001677
5283 0.001677
5284 0.001677
5285 0.001701
5286 0.001677
5287 0.001677
5288 0.001677
5289 0.001677
5290 0.001676
5292 0.001677
5293 0.001677
5295 0.001677
5296 0.001677
5298 0.001676
5299 0.001677
5301 0.001677
5302 0.001677
5304 0.001701
5305 0.001677
5307 0.001677
5308 0.001677
5310 0.001677
5311 0.001676
5313 0.001677
5314 0.001677
5330 0.047962
5331 0.001677
5333 0.001677
5334 0.001677
5336 0.001677
5337 0.001676
5339 0.001677
5340 0.001677
5342 0.001677
5343 0.001677
5345 0.001676
5346 0.001677
5348 0.001677
5349 0.001677
5351 0.001701
5352 0.001677
5354 0.001677
5355 0.001677
5357 0.001677
5358 0.001676
5359 0.001677
5360 0.001677
5361 0.001677
5362 0.001677
5363 0.001676
5364 0.001677
5365 0.001677
5366 0.001677
5367 0.001701
5368 0.001677
5369 0.001677
5370 0.001677
5371 0.001677
5372 0.001676
5373 0.001677
5374 0.001677
5375 0.001677
5376 0.001677
5377 0.001676
5378 0.001677
5379 0.001677
5380 0.001677
5381 0.001701
5382 0.001677
5383 0.001677
5384 0.001677
5385 0.001677
5386 0.001676
5388 0.001677
5389 0.001677
5391 0.001677
5392 0.001677
5394 0.001676
5395 0.001677
5397 0.001677
5398 0.001677
5400 0.001701
5401 0.001677
5403 0.001677
5404 0.001677
5406 0.001677
5407 0.001676
5409 0.001677
5410 0.001677
5426 0.047962
5427 0.001677
5429 0.001677
5430 0.001677
5432 0.001677
5433 0.001676
5435 0.001677
5436 0.001677
5438 0.001677
5439 0.001677
5441 0.001676
5442 0.001677
5444 0.001677
5445 0.001677
5447 0.001701
5448 0.001677
5450 0.001677
5451 0.001677
5453 0.001677
5454 0.001676
5455 0.001677
5456 0.001677
5457 0.001677
5458 0.001677
5459 0.001676
5460 0.001677
5461 0.001677
5462 0.001677
5463 0.001701
5464 0.001677
5465 0.001677
5466 0.001677
5467 0.001677
5468 0.001676
5469 0.001677
5470 0.001677
5471 0.001677
5472 0.001677
5473 0.001676
5474 0.001677
5475 0.001677
5476 0.001677
5477 0.001701
5478 0.001677
5479 0.001677
5480 0.001677
5481 0.001677
5482 0.001676
5484 0.001677
5485 0.001677
5487 0.001677
5488 0.001677
5490 0.001676
5491 0.001677
5493 0.001677
5494 0.001677
5496 0.001701
5497 0.001677
5499 0.001677
5500 0.001677
5502 0.001677
5503 0.001676
5505 0.001677
5506 0.001677
5522 0.047962
5523 0.001677
5525 0.001677
5526 0.001677
5528 0.001677
5529 0.001676
5531 0.001677
5532 0.001677
5534 0.001677
5535 0.001677
5537 0.001676
5538 0.001677
5540 0.001677
5541 0.001677
5543 0.001701
5544 0.001677
5546 0.001677
5547 0.001677
5549 0.001677
5550 0.001676
5551 0.001677
5552 0.001677
5553 0.001677
5554 0.001677
5555 0.001676
5556 0.001677
5557 0.001677
5558 0.001677
5559 0.001701
5560 0.001677
5561 0.001677
5562 0.001677
5563 0.001677
5564 0.001676
5565 0.001677
5566 0.001677
5567 0.001677
5568 0.001677
5569 0.001676
5570 0.001677
5571 0.001677
5572 0.001677
5573 0.001701
5574 0.001677
5575 0.001677
5576 0.001677
5577 0.001677
5578 0.001676
5580 0.001677
5581 0.001677
5583 0.001677
5584 0.001677
5586 0.001676
5587 0.001677
5589 0.001677
5590 0.001677
5592 0.001701
5593 0.001677
5595 0.001677
5596 0.001677
5598 0.001677
5599 0.001676
5601 0.001677
5602 0.001677
5618 0.047962
5619 0.001677
5621 0.001677
5622 0.001677
5624 0.001677
5625 0.001676
5627 0.001677
5628 0.001677
5630 0.001677
5631 0.001677
5633 0.001676
5634 0.001677
5636 0.001677
5637 0.001677
5639 0.001701
5640 0.001677
5642 0.001677
5643 0.001677
5645 0.001677
5646 0.001676
5647 0.001677
5648 0.001677
5649 0.001677
5650 0.001677
5651 0.001676
5652 0.001677
5653 0.001677
5654 0.001677
5655 0.001701
5656 0.001677
5657 0.001677
5658 0.001677
5659 0.001677
5660 0.001676
5661 0.001677
5662 0.001677
5663 0.001677
5664 0.001677
5665 0.001676
5666 0.001677
5667 0.001677
5668 0.001677
5669 0.001701
5670 0.001677
5671 0.001677
5672 0.001677
5673 0.001677
5674 0.001676
5676 0.001677
5677 0.001677
5679 0.001677
5680 0.001677
5682 0.001676
5683 0.001677
5685 0.001677
5686 0.001677
5688 0.001701
5689 0.001677
5691 0.001677
5692 0.001677
5694 0.001677
5695 0.001676
5697 0.001677
5698 0.001677
5714 0.047962
5715 0.001677
5717 0.001677
5718 0.001677
5720 0.001677
5721 0.001676
5723 0.001677
5724 0.001677
5726 0.001677
5727 0.001677
5729 0.001676
5730 0.001677
5732 0.001677
5733 0.001677
5735 0.001701
5736 0.001677
5738 0.001677
5739 0.001677
5741 0.001677
5742 0.001676
5743 0.001677
5744 0.001677
5745 0.001677
5746 0.001677
5747 0.001676
5748 0.001677
5749 0.001677
5750 0.001677
5751 0.001701
5752 0.001677
5753 0.001677
5754 0.001677
5755 0.001677
5756 0.001676
5757 0.001677
5758 0.001677
5759 0.001677
5760 0.001677
5761 0.001676
5762 0.001677
5763 0.001677
5764 0.001677
5765 0.001701
5766 0.001677
5767 0.001677
5768 0.001677
5769 0.001677
5770 0.001676
5772 0.001677
5773 0.001677
5775 0.001677
5776 0.001677
5778 0.001676
5779 0.001677
5781 0.001677
5782 0.001677
5784 0.001701
5785 0.001677
5787 0.001677
5788 0.001677
5790 0.001677
5791 0.001676
5793 0.001677
5794 0.001677
5810 0.047962
5811 0.001677
5813 0.001677
5814 0.001677
5816 0.001677
5817 0.001676
5819 0.001677
5820 0.001677
5822 0.001677
5823 0.001677
5825 0.001676
5826 0.001677
5828 0.001677
5829 0.001677
5831 0.001701
5832 0.001677
5834 0.001677
5835 0.001677
5837 0.001677
5838 0.001676
5839 0.001677
5840 0.001677
5841 0.001677
5842 0.001677
5843 0.001676
5844 0.001677
5845 0.001677
5846 0.001677
5847 0.001701
5848 0.001677
5849 0.001677
5850 0.001677
5851 0.001677
5852 0.001676
5853 0.001677
5854 0.001677
5855 0.001677
5856 0.001677
5857 0.001676
5858 0.001677
5859 0.001677
5860 0.001677
5861 0.001701
5862 0.001677
5863 0.001677
5864 0.001677
5865 0.001677
5866 0.001676
5868 0.001677
5869 0.001677
5871 0.001677
5872 0.001677
5874 0.001676
5875 0.001677
5877 0.001677
5878 0.001677
5880 0.001701
5881 0.001677
5883 0.001677
5884 0.001677
5886 0.001677
5887 0.001676
5889 0.001677
5890 0.001677
5906 0.047962
5907 0.001677
5909 0.001677
5910 0.001677
5912 0.001677
5913 0.001676
5915 0.001677
5916 0.001677
5918 0.001677
5919 0.001677
5921 0.001676
5922 0.001677
5924 0.001677
5925 0.001677
5927 0.001701
5928 0.001677
5930 0.001677
5931 0.001677
5933 0.001677
5934 0.001676
5935 0.001677
5936 0.001677
5937 0.001677
5938 0.001677
5939 0.001676
5940 0.001677
5941 0.001677
5942 0.001677
5943 0.001701
5944 0.001677
5945 0.001677
5946 0.001677
5947 0.001677
5948 0.001676
5949 0.001677
5950 0.001677
5951 0.001677
5952 0.001677
5953 0.001676
5954 0.001677
5955 0.001677
5956 0.001677
5957 0.001701
5958 0.001677
5959 0.001677
5960 0.001677
5961 0.001677
5962 0.001676
5964 0.001677
5965 0.001677
5967 0.001677
5968 0.001677
5970 0.001676
5971 0.001677
5973 0.001677
5974 0.001677
5976 0.001701
5977 0.001677
5979 0.001677
5980 0.001677
5982 0.001677
5983 0.001676
5985 0.001677
5986 0.001677
6002 0.047962
6003 0.001677
6005 0.001677
6006 0.001677
6008 0.001677
6009 0.001676
6011 0.001677
6012 0.001677
6014 0.001677
6015 0.001677
6017 0.001676
6018 0.001677
6020 0.001677
6021 0.001677
6023 0.001701
6024 0.001677
6026 0.001677
6027 0.001677
6029 0.001677
6030 0.001676
6031 0.001677
6032 0.001677
6033 0.001677
6034 0.001677
6035 0.001676
6036 0.001677
6037 0.001677
6038 0.001677
6039 0.001701
6040 0.001677
6041 0.001677
6042 0.001677
6043 0.001677
6044 0.001676
6045 0.001677
6046 0.001677
6047 0.001677
6048 0.001677
6049 0.001676
6050 0.001677
6051 0.001677
6052 0.001677
6053 0.001701
6054 0.001677
6055 0.001677
6056 0.001677
6057 0.001677
6058 0.001676
6060 0.001677
6061 0.001677
6063 0.001677
6064 0.001677
6066 0.001676
6067 0.001677
6069 0.001677
6070 0.001677
6072 0.001701
6073 0.001677
6075 0.001677
6076 0.001677
6078 0.001677
6079 0.001676
6081 0.001677
6082 0.001677
6098 0.047962
6099 0.001677
6101 0.001677
6102 0.001677
6104 0.001677
6105 0.001676
6107 0.001677
6108 0.001677
6110 0.001677
6111 0.001677
6113 0.001676
6114 0.001677
6116 0.001677
6117 0.001677
6119 0.001701
6120 0.001677
6122 0.001677
6123 0.001677
6125 0.001677
6126 0.001676
6127 0.001677
6128 0.001677
6129 0.001677
6130 0.001677
6131 0.001676
6132 0.001677
6133 0.001677
6134 0.001677
6135 0.001701
6136 0.001677
6137 0.001677
6138 0.001677
6139 0.001677
6140 0.001676
6141 0.001677
6142 0.001677
6143 0.001677
6144 0.001677
6145 0.001676
6146 0.001677
6147 0.001677
6148 0.001677
6149 0.001701
6150 0.001677
6151 0.001677
6152 0.001677
6153 0.001677
6154 0.001676
6156 0.001677
6157 0.001677
6159 0.001677
6160 0.001677
6162 0.001676
6163 0.001677
6165 0.001677
6166 0.001677
6168 0.001701
6169 0.001677
6171 0.001677
6172 0.001677
6174 0.001677
6175 0.001676
6177 0.001677
6178 0.001677
6194 0.047962
6195 0.001677
6197 0.001677
6198 0.001677
6200 0.001677
6201 0.001676
6203 0.001677
6204 0.001677
6206 0.001677
6207 0.001677
6209 0.001676
6210 0.001677
6212 0.001677
6213 0.001677
6215 0.001701
6216 0.001677
6218 0.001677
6219 0.001677
6221 0.001677
6222 0.001676
6223 0.001677
6224 0.001677
6225 0.001677
6226 0.001677
6227 0.001676
6228 0.001677
6229 0.001677
6230 0.001677
6231 0.001701
6232 0.001677
6233 0.001677
6234 0.001677
6235 0.001677
6236 0.001676
6237 0.001677
6238 0.001677
6239 0.001677
6240 0.001677
6241 0.001676
6242 0.001677
6243 0.001677
6244 0.001677
6245 0.001701
6246 0.001677
6247 0.001677
6248 0.001677
6249 0.001677
6250 0.001676
6252 0.001677
6253 0.001677
6255 0.001677
6256 0.001677
6258 0.001676
6259 0.001677
6261 0.001677
6262 0.001677
6264 0.001701
6265 0.001677
6267 0.001677
6268 0.001677
6270 0.001677
6271 0.001676
6273 0.001677
6274 0.001677
6290 0.047962
6291 0.001677
6293 0.001677
6294 0.001677
6296 0.001677
6297 0.001676
6299 0.001677
6300 0.001677
6302 0.001677
6303 0.001677
6305 0.001676
6306 0.001677
6308 0.001677
6309 0.001677
6311 0.001701
6312 0.001677
6314 0.001677
6315 0.001677
6317 0.001677
6318 0.001676
6319 0.001677
6320 0.001677
6321 0.001677
6322 0.001677
6323 0.001676
6324 0.001677
6325 0.001677
6326 0.001677
6327 0.001701
6328 0.001677
6329 0.001677
6330 0.001677
6331 0.001677
6332 0.001676
6333 0.001677
6334 0.001677
6335 0.001677
6336 0.001677
6337 0.001676
6338 0.001677
6339 0.001677
6340 0.001677
6341 0.001701
6342 0.001677
6343 0.001677
6344 0.001677
6345 0.001677
6346 0.001676
6348 0.001677
6349 0.001677
6351 0.001677
6352 0.001677
6354 0.001676
6355 0.001677
6357 0.001677
6358 0.001677
6360 0.001701
6361 0.001677
6363 0.001677
6364 0.001677
6366 0.001677
6367 0.001676
6369 0.001677
6370 0.001677
6386 0.047962
6387 0.001677
6389 0.001677
6390 0.001677
6392 0.001677
6393 0.001676
6395 0.001677
6396 0.001677
6398 0.001677
6399 0.001677
6401 0.001676
6402 0.001677
6404 0.001677
6405 0.001677
6407 0.001701
6408 0.001677
6410 0.001677
6411 0.001677
6413 0.001677
6414 0.001676
6415 0.001677
6416 0.001677
6417 0.001677
6418 0.001677
6419 0.001676
6420 0.001677
6421 0.001677
6422 0.001677
6423 0.001701
6424 0.001677
6425 0.001677
6426 0.001677
6427 0.001677
6428 0.001676
6429 0.001677
6430 0.001677
6431 0.001677
6432 0.001677
6433 0.001676
6434 0.001677
6435 0.001677
6436 0.001677
6437 0.001701
6438 0.001677
6439 0.001677
6440 0.001677
6441 0.001677
6442 0.001676
6444 0.001677
6445 0.001677
6447 0.001677
6448 0.001677
6450 0.001676
6451 0.001677
6453 0.001677
6454 0.001677
6456 0.001701
6457 0.001677
6459 0.001677
6460 0.001677
6462 0.001677
6463 0.001676
6465 0.001677
6466 0.001677
6482 0.047962
6483 0.001677
6485 0.001677
6486 0.001677
6488 0.001677
6489 0.001676
6491 0.001677
6492 0.001677
6494 0.001677
6495 0.001677
6497 0.001676
6498 0.001677
6500 0.001677
6501 0.001677
6503 0.001701
6504 0.001677
6506 0.001677
6507 0.001677
6509 0.001677
6510 0.001676
6511 0.001677
6512 0.001677
6513 0.001677
6514 0.001677
6515 0.001676
6516 0.001677
6517 0.001677
6518 0.001677
6519 0.001701
6520 0.001677
6521 0.001677
6522 0.001677
6523 0.001677
6524 0.001676
6525 0.001677
6526 0.001677
6527 0.001677
6528 0.001677
6529 0.001676
6530 0.001677
6531 0.001677
6532 0.001677
6533 0.001701
6534 0.001677
6535 0.001677
6536 0.001677
6537 0.001677
6538 0.001676
6540 0.001677
6541 0.001677
6543 0.001677
6544 0.001677
6546 0.001676
6547 0.001677
6549 0.001677
6550 0.001677
6552 0.001701
6553 0.001677
6555 0.001677
6556 0.001677
6558 0.001677
6559 0.001676
6561 0.001677
6562 0.001677
6578 0.047962
6579 0.001677
6581 0.001677
6582 0.001677
6584 0.001677
6585 0.001676
6587 0.001677
6588 0.001677
6590 0.001677
6591 0.001677
6593 0.001676
6594 0.001677
6596 0.001677
6597 0.001677
6599 0.001701
6600 0.001677
6602 0.001677
6603 0.001677
6605 0.001677
6606 0.001676
6607 0.001677
6608 0.001677
6609 0.001677
6610 0.001677
6611 0.001676
6612 0.001677
6613 0.001677
6614 0.001677
6615 0.001701
6616 0.001677
6617 0.001677
6618 0.001677
6619 0.001677
6620 0.001676
6621 0.001677
6622 0.001677
6623 0.001677
6624 0.001677
6625 0.001676
6626 0.001677
6627 0.001677
6628 0.001677
6629 0.001701
6630 0.001677
6631 0.001677
6632 0.001677
6633 0.001677
6634 0.001676
6636 0.001677
6637 0.001677
6639 0.001677
6640 0.001677
6642 0.001676
6643 0.001677
6645 0.001677
6646 0.001677
6648 0.001701
6649 0.001677
6651 0.001677
6652 0.001677
6654 0.001677
6655 0.001676
6657 0.001677
6658 0.001677
6674 0.047962
6675 0.001677
6677 0.001677
6678 0.001677
6680 0.001677
6681 0.001676
6683 0.001677
6684 0.001677
6686 0.001677
6687 0.001677
6689 0.001676
6690 0.001677
6692 0.001677
6693 0.001677
6695 0.001701
6696 0.001677
6698 0.001677
6699 0.001677
6701 0.001677
6702 0.001676
6703 0.001677
6704 0.001677
6705 0.001677
6706 0.001677
6707 0.001676
6708 0.001677
6709 0.001677
6710 0.001677
6711 0.001701
6712 0.001677
6713 0.001677
6714 0.001677
6715 0.001677
6716 0.001676
6717 0.001677
6718 0.001677
6719 0.001677
6720 0.001677
6721 0.001676
6722 0.001677
6723 0.001677
6724 0.001677
6725 0.001701
6726 0.001677
6727 0.001677
6728 0.001677
6729 0.001677
6730 0.001676
6732 0.001677
6733 0.001677
6735 0.001677
6736 0.001677
6738 0.001676
6739 0.001677
6741 0.001677
6742 0.001677
6744 0.001701
6745 0.001677
6747 0.001677
6748 0.001677
6750 0.001677
6751 0.001676
6753 0.001677
6754 0.001677
6770 0.047962
6771 0.001677
6773 0.001677
6774 0.001677
6776 0.001677
6777 0.001676
6779 0.001677
6780 0.001677
6782 0.001677
6783 0.001677
6785 0.001676
6786 0.001677
6788 0.001677
6789 0.001677
6791 0.001701
6792 0.001677
6794 0.001677
6795 0.001677
6797 0.001677
6798 0.001676
6799 0.001677
6800 0.001677
6801 0.001677
6802 0.001677
6803 0.001676
6804 0.001677
6805 0.001677
6806 0.001677
6807 0.001701
6808 0.001677
6809 0.001677
6810 0.001677
6811 0.001677
6812 0.001676
6813 0.001677
6814 0.001677
6815 0.001677
6816 0.001677
6817 0.001676
6818 0.001677
6819 0.001677
6820 0.001677
6821 0.001701
6822 0.001677
6823 0.001677
6824 0.001677
6825 0.001677
6826 0.001676
6828 0.001677
6829 0.001677
6831 0.001677
6832 0.001677
6834 0.001676
6835 0.001677
6837 0.001677
6838 0.001677
6840 0.001701
6841 0.001677
6843 0.001677
6844 0.001677
6846 0.001677
6847 0.001676
6849 0.001677
6850 0.001677
6866 0.047962
6867 0.001677
6869 0.001677
6870 0.001677
6872 0.001677
6873 0.001676
6875 0.001677
6876 0.001677
6878 0.001677
6879 0.001677
6881 0.001676
6882 0.001677
6884 0.001677
6885 0.001677
6887 0.001701
6888 0.001677
6890 0.001677
6891 0.001677
6893 0.001677
6894 0.001676
6895 0.001677
6896 0.001677
6897 0.001677
6898 0.001677
6899 0.001676
6900 0.001677
6901 0.001677
6902 0.001677
6903 0.001701
6904 0.001677
6905 0.001677
6906 0.001677
6907 0.001677
6908 0.001676
6909 0.001677
6910 0.001677
6911 0.001677
6912 0.001677
6913 0.001676
6914 0.001677
6915 0.001677
6916 0.001677
6917 0.001701
6918 0.001677
6919 0.001677
6920 0.001677
6921 0.001677
6922 0.001676
6924 0.001677
6925 0.001677
6927 0.001677
6928 0.001677
6930 0.001676
6931 0.001677
6933 0.001677
6934 0.001677
6936 0.001701
6937 0.001677
6939 0.001677
6940 0.001677
6942 0.001677
6943 0.001676
6945 0.001677
6946 0.001677
6962 0.047962
6963 0.001677
6965 0.001677
6966 0.001677
6968 0.001677
6969 0.001676
6971 0.001677
6972 0.001677
6974 0.001677
6975 0.001677
6977 0.001676
6978 0.001677
6980 0.001677
6981 0.001677
6983 0.001701
6984 0.001677
6986 0.001677
6987 0.001677
6989 0.001677
6990 0.001676
6991 0.001677
6992 0.001677
6993 0.001677
6994 0.001677
6995 0.001676
6996 0.001677
6997 0.001677
6998 0.001677
6999 0.001701
7000 0.001677
7001 0.001677
7002 0.001677
7003 0.001677
7004 0.001676
7005 0.001677
7006 0.001677
7007 0.001677
7008 0.001677
7009 0.001676
7010 0.001677
7011 0.001677
7012 0.001677
7013 0.001701
7014 0.001677
7015 0.001677
7016 0.001677
7017 0.001677
7018 0.001676
7020 0.001677
7021 0.001677
7023 0.001677
7024 0.001677
7026 0.001676
7027 0.001677
7029 0.001677
7030 0.001677
7032 0.001701
7033 0.001677
7035 0.001677
7036 0.001677
7038 0.001677
7039 0.001676
7041 0.001677
7042 0.001677
7058 0.047962
7059 0.001677
7061 0.001677
7062 0.001677
7064 0.001677
7065 0.001676
7067 0.001677
7068 0.001677
7070 0.001677
7071 0.001677
7073 0.001676
7074 0.001677
7076 0.001677
7077 0.001677
7079 0.001701
7080 0.001677
7082 0.001677
7083 0.001677
7085 0.001677
7086 0.001676
7087 0.001677
7088 0.001677
7089 0.001677
7090 0.001677
7091 0.001676
7092 0.001677
7093 0.001677
7094 0.001677
7095 0.001701
7096 0.001677
7097 0.001677
7098 0.001677
7099 0.001677
7100 0.001676
7101 0.001677
7102 0.001677
7103 0.001677
7104 0.001677
7105 0.001676
7106 0.001677
7107 0.001677
7108 0.001677
7109 0.001701
7110 0.001677
7111 0.001677
7112 0.001677
7113 0.001677
7114 0.001676
7116 0.001677
7117 0.001677
7119 0.001677
7120 0.001677
7122 0.001676
7123 0.001677
7125 0.001677
7126 0.001677
7128 0.001701
7129 0.001677
7131 0.001677
7132 0.001677
7134 0.001677
7135 0.001676
7137 0.001677
7138 0.001677
7154 0.047962
7155 0.001677
7157 0.001677
7158 0.001677
7160 0.001677
7161 0.001676
7163 0.001677
7164 0.001677
7166 0.001677
7167 0.001677
7169 0.001676
7170 0.001677
7172 0.001677
7173 0.001677
7175 0.001701
7176 0.001677
7178 0.001677
7179 0.001677
7181 0.001677
7182 0.001676
7183 0.001677
7184 0.001677
7185 0.001677
7186 0.001677
7187 0.001676
7188 0.001677
7189 0.001677
7190 0.001677
7191 0.001701
7192 0.001677
7193 0.001677
7194 0.001677
7195 0.001677
7196 0.001676
7197 0.001677
7198 0.001677
7199 0.001677
7200 0.001677
7201 0.001676
7202 0.001677
7203 0.001677
7204 0.001677
7205 0.001701
7206 0.001677
7207 0.001677
7208 0.001677
7209 0.001677
7210 0.001676
7212 0.001677
7213 0.001677
7215 0.001677
7216 0.001677
7218 0.001676
7219 0.001677
7221 0.001677
7222 0.001677
7224 0.001701
7225 0.001677
7227 0.001677
7228 0.001677
7230 0.001677
7231 0.001676
7233 0.001677
7234 0.001677
7250 0.047962
7251 0.001677
7253 0.001677
7254 0.001677
7256 0.001677
7257 0.001676
7259 0.001677
7260 0.001677
7262 0.001677
7263 0.001677
7265 0.001676
7266 0.001677
7268 0.001677
7269 0.001677
7271 0.001701
7272 0.001677
7274 0.001677
7275 0.001677
7277 0.001677
7278 0.001676
7279 0.001677
7280 0.001677
7281 0.001677
7282 0.001677
7283 0.001676
7284 0.001677
7285 0.001677
7286 0.001677
7287 0.001701
7288 0.001677
7289 0.001677
7290 0.001677
7291 0.001677
7292 0.001676
7293 0.001677
7294 0.001677
7295 0.001677
7296 0.001677
7297 0.001676
7298 0.001677
7299 0.001677
7300 0.001677
7301 0.001701
7302 0.001677
7303 0.001677
7304 0.001677
7305 0.001677
7306 0.001676
7308 0.001677
7309 0.001677
7311 0.001677
7312 0.001677
7314 0.001676
7315 0.001677
7317 0.001677
7318 0.001677
7320 0.001701
7321 0.001677
7323 0.001677
7324 0.001677
7326 0.001677
7327 0.001676
7329 0.001677
7330 0.001677
7346 0.047962
7347 0.001677
7349 0.001677
7350 0.001677
7352 0.001677
7353 0.001676
7355 0.001677
7356 0.001677
7358 0.001677
7359 0.001677
7361 0.001676
7362 0.001677
7364 0.001677
7365 0.001677
7367 0.001701
7368 0.001677
7370 0.001677
7371 0.001677
7373 0.001677
7374 0.001676
7375 0.001677
7376 0.001677
7377 0.001677
7378 0.001677
7379 0.001676
7380 0.001677
7381 0.001677
7382 0.001677
7383 0.001701
7384 0.001677
7385 0.001677
7386 0.001677
7387 0.001677
7388 0.001676
7389 0.001677
7390 0.001677
7391 0.001677
7392 0.001677
7393 0.001676
7394 0.001677
7395 0.001677
7396 0.001677
7397 0.001701
7398 0.001677
7399 0.001677
7400 0.001677
7401 0.001677
7402 0.001676
7404 0.001677
7405 0.001677
7407 0.001677
7408 0.001677
7410 0.001676
7411 0.001677
7413 0.001677
7414 0.001677
7416 0.001701
7417 0.001677
7419 0.001677
7420 0.001677
7422 0.001677
7423 0.001676
7425 0.001677
7426 0.001677
7442 0.047962
7443 0.001677
7445 0.001677
7446 0.001677
7448 0.001677
7449 0.001676
7451 0.001677
7452 0.001677
7454 0.001677
7455 0.001677
7457 0.001676
7458 0.001677
7460 0.001677
7461 0.001677
7463 0.001701
7464 0.001677
7466 0.001677
7467 0.001677
7469 0.001677
7470 0.001676
7471 0.001677
7472 0.001677
7473 0.001677
7474 0.001677
7475 0.001676
7476 0.001677
7477 0.001677
7478 0.001677
7479 0.001701
7480 0.001677
7481 0.001677
7482 0.001677
7483 0.001677
7484 0.001676
7485 0.001677
7486 0.001677
7487 0.001677
7488 0.001677
7489 0.001676
7490 0.001677
7491 0.001677
7492 0.001677
7493 0.001701
7494 0.001677
7495 0.001677
7496 0.001677
7497 0.001677
7498 0.001676
7500 0.001677
7501 0.001677
7503 0.001677
7504 0.001677
7506 0.001676
7507 0.001677
7509 0.001677
7510 0.001677
7512 0.001701
7513 0.001677
7515 0.001677
7516 0.001677
7518 0.001677
7519 0.001676
7521 0.001677
7522 0.001677
7538 0.047962
7539 0.001677
7541 0.001677
7542 0.001677
7544 0.001677
7545 0.001676
7547 0.001677
7548 0.001677
7550 0.001677
7551 0.001677
7553 0.001676
7554 0.001677
7556 0.001677
7557 0.001677
7559 0.001701
7560 0.001677
7562 0.001677
7563 0.001677
7565 0.001677
7566 0.001676
7567 0.001677
7568 0.001677
7569 0.001677
7570 0.001677
7571 0.001676
7572 0.001677
7573 0.001677
7574 0.001677
7575 0.001701
7576 0.001677
7577 0.001677
7578 0.001677
7579 0.001677
7580 0.001676
7581 0.001677
7582 0.001677
7583 0.001677
7584 0.001677
7585 0.001676
7586 0.001677
7587 0.001677
7588 0.001677
7589 0.001701
7590 0.001677
7591 0.001677
7592 0.001677
7593 0.001677
7594 0.001676
7596 0.001677
7597 0.001677
7599 0.001677
7600 0.001677
7602 0.001676
7603 0.001677
7605 0.001677
7606 0.001677
7608 0.001701
7609 0.001677
7611 0.001677
7612 0.001677
7614 0.001677
7615 0.001676
7617 0.001677
7618 0.001677
7634 0.047962
7635 0.001677
7637 0.001677
7638 0.001677
7640 0.001677
7641 0.001676
7643 0.001677
7644 0.001677
7646 0.001677
7647 0.001677
7649 0.001676
7650 0.001677
7652 0.001677
7653 0.001677
7655 0.001701
7656 0.001677
7658 0.001677
7659 0.001677
7661 0.001677
7662 0.001676
7663 0.001677
7664 0.001677
7665 0.001677
7666 0.001677
7667 0.001676
7668 0.001677
7669 0.001677
7670 0.001677
7671 0.001701
7672 0.001677
7673 0.001677
7674 0.001677
7675 0.001677
7676 0.001676
7677 0.001677
7678 0.001677
7679 0.001677
7680 0.001677
7681 0.001676
7682 0.001677
7683 0.001677
7684 0.001677
7685 0.001701
7686 0.001677
7687 0.001677
7688 0.001677
7689 0.001677
7690 0.001676
7692 0.001677
7693 0.001677
7695 0.001677
7696 0.001677
7698 0.001676
7699 0.001677
7701 0.001677
7702 0.001677
7704 0.001701
7705 0.001677
7707 0.001677
7708 0.001677
7710 0.001677
7711 0.001676
7713 0.001677
7714 0.001677
7730 0.047962
7731 0.001677
7733 0.001677
7734 0.001677
7736 0.001677
7737 0.001676
7739 0.001677
7740 0.001677
7742 0.001677
7743 0.001677
7745 0.001676
7746 0.001677
7748 0.001677
7749 0.001677
7751 0.001701
7752 0.001677
7754 0.001677
7755 0.001677
7757 0.001677
7758 0.001676
7759 0.001677
7760 0.001677
7761 0.001677
7762 0.001677
7763 0.001676
7764 0.001677
7765 0.001677
7766 0.001677
7767 0.001701
7768 0.001677
7769 0.001677
7770 0.001677
7771 0.001677
7772 0.001676
7773 0.001677
7774 0.001677
7775 0.001677
7776 0.001677
7777 0.001676
7778 0.001677
7779 0.001677
7780 0.001677
7781 0.001701
7782 0.001677
7783 0.001677
7784 0.001677
7785 0.001677
7786 0.001676
7788 0.001677
7789 0.001677
7791 0.001677
7792 0.001677
7794 0.001676
7795 0.001677
7797 0.001677
7798 0.001677
7800 0.001701
7801 0.001677
7803 0.001677
7804 0.001677
7806 0.001677
7807 0.001676
7809 0.001677
7810 0.001677
7826 0.047962
7827 0.001677
7829 0.001677
7830 0.001677
7832 0.001677
7833 0.001676
7835 0.001677
7836 0.001677
7838 0.001677
7839 0.001677
7841 0.001676
7842 0.001677
