0 0.000000
0 0.000000
21 0.141120
50 0.194880
78 0.188160
106 0.188160
135 0.194880
165 0.201600
195 0.201600
225 0.201600
253 0.188160
281 0.188160
311 0.201600
341 0.201600
369 0.188160
398 0.194880
427 0.194880
457 0.201600
486 0.194880
515 0.194880
544 0.194880
574 0.201600
604 0.201600
633 0.194880
662 0.194880
691 0.194880
719 0.188160
749 0.201600
779 0.201600
809 0.201600
818 0.060480
818 0.000000
818 0.000000
818 0.000000
818 0.000000
818 0.000000
818 0.000000
818 0.000000
818 0.000000
818 0.000000
818 0.000000
818 0.000000
818 0.000000
818 0.000000
818 0.000000
818 0.000000
818 0.000000
818 0.000000
818 0.000000
818 0.000000
818 0.000000
818 0.000000
818 0.000000
818 0.000000
818 0.000000
818 0.000000
818 0.000000
818 0.000000
818 0.000000
818 0.000000
818 0.000000
818 0.000000
818 0.000000
818 0.000000
818 0.000000
818 0.000000
818 0.000000
818 0.000000
818 0.000000
818 0.000000
818 0.000000
818 0.000000
818 0.000000
818 0.000000
818 0.000000
818 0.000000
818 0.000000
818 0.000000
