0 0.000000
0 0.000000
3 0.067840
6 0.099840
14 0.266240
27 0.432640
33 0.199680
38 0.166400
42 0.133120
47 0.166400
50 0.099840
56 0.199680
59 0.099840
62 0.099840
65 0.099840
70 0.166400
74 0.133120
82 0.266240
91 0.299520
97 0.199680
108 0.366080
115 0.232960
117 0.066560
124 0.232960
128 0.133120
134 0.199680
143 0.299520
150 0.232960
158 0.266240
171 0.432640
171 0.000000
171 0.000000
171 0.000000
171 0.000000
171 0.000000
171 0.000000
171 0.000000
171 0.000000
171 0.000000
171 0.000000
171 0.000000
171 0.000000
171 0.000000
171 0.000000
171 0.000000
171 0.000000
171 0.000000
171 0.000000
171 0.000000
171 0.000000
171 0.000000
171 0.000000
171 0.000000
171 0.000000
171 0.000000
171 0.000000
171 0.000000
171 0.000000
171 0.000000
171 0.000000
171 0.000000
171 0.000000
171 0.000000
171 0.000000
171 0.000000
171 0.000000
171 0.000000
171 0.000000
171 0.000000
171 0.000000
171 0.000000
171 0.000000
171 0.000000
