0 0.000000
0 0.000000
21 0.141120
50 0.194880
79 0.194880
107 0.188160
136 0.194880
166 0.201600
196 0.201600
226 0.201600
254 0.188160
284 0.201600
314 0.201600
344 0.201600
373 0.194880
403 0.201600
433 0.201600
463 0.201600
492 0.194880
522 0.201600
552 0.201600
581 0.194880
611 0.201600
640 0.194880
670 0.201600
700 0.201600
729 0.194880
759 0.201600
789 0.201600
819 0.201600
828 0.060480
828 0.000000
828 0.000000
828 0.000000
828 0.000000
828 0.000000
828 0.000000
828 0.000000
828 0.000000
828 0.000000
828 0.000000
828 0.000000
828 0.000000
828 0.000000
828 0.000000
828 0.000000
828 0.000000
828 0.000000
828 0.000000
828 0.000000
828 0.000000
828 0.000000
828 0.000000
828 0.000000
828 0.000000
828 0.000000
828 0.000000
828 0.000000
828 0.000000
828 0.000000
828 0.000000
828 0.000000
828 0.000000
828 0.000000
828 0.000000
828 0.000000
828 0.000000
828 0.000000
828 0.000000
828 0.000000
828 0.000000
828 0.000000
828 0.000000
828 0.000000
828 0.000000
828 0.000000
828 0.000000
828 0.000000
828 0.000000
