0 0.000000
0 0.000000
2 0.002944
3 0.001792
12 0.301824
23 0.368896
30 0.234752
44 0.469504
53 0.301824
70 0.570112
95 0.838400
110 0.503040
142 1.073152
166 0.804864
176 0.335360
192 0.536576
200 0.268288
218 0.603648
231 0.435968
238 0.234752
251 0.435968
264 0.435968
280 0.536576
305 0.838400
322 0.570112
352 1.006080
371 0.637184
380 0.301824
398 0.603648
405 0.234752
406 0.033536
408 0.067072
415 0.234752
421 0.201216
433 0.402432
447 0.469504
459 0.402432
480 0.704256
494 0.469504
524 1.006080
561 1.240832
581 0.670720
626 1.509120
666 1.341440
704 1.274368
763 1.978624
802 1.307904
862 2.012160
930 2.280448
975 1.509120
1057 2.749952
1124 2.246912
1191 2.246912
1286 3.185920
1353 2.246912
1443 3.018240
1537 3.152384
1618 2.716416
1731 3.789568
1824 3.118848
1920 3.219456
2039 3.990784
2133 3.152384
2239 3.554816
2347 3.621888
2441 3.152384
2558 3.923712
2655 3.252992
2750 3.185920
2870 4.024320
2963 3.118848
3069 3.554816
3178 3.655424
3271 3.118848
3387 3.890176
3485 3.286528
3579 3.152384
3700 4.057856
3793 3.118848
3897 3.487744
4008 3.722496
