0 0.000000
0 0.000000
21 0.141120
50 0.194880
78 0.188160
106 0.188160
136 0.201600
166 0.201600
195 0.194880
224 0.194880
252 0.188160
282 0.201600
312 0.201600
342 0.201600
371 0.194880
401 0.201600
429 0.188160
458 0.194880
487 0.194880
517 0.201600
546 0.194880
576 0.201600
605 0.194880
633 0.188160
663 0.201600
692 0.194880
722 0.201600
751 0.194880
781 0.201600
811 0.201600
820 0.060480
820 0.000000
820 0.000000
820 0.000000
820 0.000000
820 0.000000
820 0.000000
820 0.000000
820 0.000000
820 0.000000
820 0.000000
820 0.000000
820 0.000000
820 0.000000
820 0.000000
820 0.000000
820 0.000000
820 0.000000
820 0.000000
820 0.000000
820 0.000000
820 0.000000
820 0.000000
820 0.000000
820 0.000000
820 0.000000
820 0.000000
820 0.000000
820 0.000000
820 0.000000
820 0.000000
820 0.000000
820 0.000000
820 0.000000
820 0.000000
820 0.000000
820 0.000000
820 0.000000
820 0.000000
820 0.000000
820 0.000000
820 0.000000
820 0.000000
820 0.000000
820 0.000000
820 0.000000
820 0.000000
820 0.000000
820 0.000000
820 0.000000
820 0.000000
