0 0.000000
0 0.000000
2 0.002944
3 0.001792
16 0.435968
29 0.435968
39 0.335360
57 0.603648
69 0.402432
96 0.905472
129 1.106688
148 0.637184
188 1.341440
210 0.737792
231 0.704256
256 0.838400
271 0.503040
288 0.570112
301 0.435968
311 0.335360
323 0.402432
328 0.167680
338 0.335360
348 0.335360
353 0.167680
364 0.368896
371 0.234752
381 0.335360
397 0.536576
406 0.301824
418 0.402432
437 0.637184
448 0.368896
477 0.972544
504 0.905472
528 0.804864
569 1.374976
597 0.939008
644 1.576192
697 1.777408
729 1.073152
794 2.179840
846 1.743872
902 1.878016
982 2.682880
1033 1.710336
1112 2.649344
1188 2.548736
1256 2.280448
1357 3.387136
1433 2.548736
1521 2.951168
1623 3.420672
1714 3.051776
1824 3.688960
1924 3.353600
2023 3.320064
2137 3.823104
2234 3.252992
2336 3.420672
2445 3.655424
2543 3.286528
2655 3.756032
2754 3.320064
2853 3.320064
2967 3.823104
3064 3.252992
3167 3.454208
3275 3.621888
3374 3.320064
3487 3.789568
3585 3.286528
3684 3.320064
3797 3.789568
3894 3.252992
3998 3.487744
4105 3.588352
4204 3.320064
4318 3.823104
