0 0.000000
0 0.000000
3 0.067840
6 0.099840
14 0.266240
29 0.499200
36 0.232960
40 0.133120
50 0.332800
57 0.232960
68 0.366080
81 0.432640
93 0.399360
106 0.432640
125 0.632320
140 0.499200
156 0.532480
173 0.565760
192 0.632320
217 0.832000
237 0.665600
260 0.765440
289 0.965120
314 0.832000
338 0.798720
372 1.131520
397 0.832000
427 0.998400
431 0.133120
433 0.066560
436 0.099840
438 0.066560
438 0.000000
438 0.000000
438 0.000000
438 0.000000
438 0.000000
438 0.000000
438 0.000000
438 0.000000
438 0.000000
438 0.000000
438 0.000000
438 0.000000
438 0.000000
438 0.000000
438 0.000000
438 0.000000
438 0.000000
438 0.000000
438 0.000000
438 0.000000
438 0.000000
438 0.000000
438 0.000000
438 0.000000
438 0.000000
438 0.000000
438 0.000000
438 0.000000
438 0.000000
438 0.000000
438 0.000000
438 0.000000
438 0.000000
438 0.000000
438 0.000000
438 0.000000
438 0.000000
438 0.000000
438 0.000000
438 0.000000
438 0.000000
438 0.000000
438 0.000000
438 0.000000
438 0.000000
438 0.000000
