0 0.000000
0 0.000000
21 0.141120
50 0.194880
79 0.194880
107 0.188160
137 0.201600
167 0.201600
197 0.201600
227 0.201600
256 0.194880
285 0.194880
315 0.201600
344 0.194880
374 0.201600
404 0.201600
434 0.201600
464 0.201600
493 0.194880
523 0.201600
552 0.194880
582 0.201600
612 0.201600
641 0.194880
671 0.201600
701 0.201600
731 0.201600
760 0.194880
790 0.201600
820 0.201600
829 0.060480
829 0.000000
829 0.000000
829 0.000000
829 0.000000
829 0.000000
829 0.000000
829 0.000000
829 0.000000
829 0.000000
829 0.000000
829 0.000000
829 0.000000
829 0.000000
829 0.000000
829 0.000000
829 0.000000
829 0.000000
829 0.000000
829 0.000000
829 0.000000
829 0.000000
829 0.000000
829 0.000000
829 0.000000
829 0.000000
829 0.000000
829 0.000000
829 0.000000
829 0.000000
829 0.000000
829 0.000000
829 0.000000
829 0.000000
829 0.000000
829 0.000000
829 0.000000
829 0.000000
829 0.000000
829 0.000000
829 0.000000
829 0.000000
829 0.000000
