0 0.000000
0 0.000000
3 0.067840
6 0.099840
14 0.266240
30 0.532480
37 0.232960
42 0.166400
51 0.299520
54 0.099840
59 0.166400
64 0.166400
68 0.133120
75 0.232960
83 0.266240
90 0.232960
101 0.366080
109 0.266240
120 0.366080
137 0.565760
149 0.399360
164 0.499200
185 0.698880
200 0.499200
218 0.599040
239 0.698880
259 0.665600
285 0.865280
305 0.665600
328 0.765440
342 0.465920
342 0.000000
342 0.000000
342 0.000000
342 0.000000
342 0.000000
342 0.000000
342 0.000000
342 0.000000
342 0.000000
342 0.000000
342 0.000000
342 0.000000
342 0.000000
342 0.000000
342 0.000000
342 0.000000
342 0.000000
342 0.000000
342 0.000000
342 0.000000
342 0.000000
342 0.000000
342 0.000000
342 0.000000
342 0.000000
342 0.000000
342 0.000000
342 0.000000
342 0.000000
342 0.000000
342 0.000000
342 0.000000
342 0.000000
342 0.000000
342 0.000000
342 0.000000
342 0.000000
342 0.000000
342 0.000000
342 0.000000
342 0.000000
342 0.000000
342 0.000000
342 0.000000
342 0.000000
342 0.000000
342 0.000000
342 0.000000
342 0.000000
342 0.000000
