0 0.000000
0 0.000000
3 0.067840
6 0.099840
9 0.099840
14 0.166400
19 0.166400
22 0.099840
28 0.199680
35 0.232960
41 0.199680
53 0.399360
62 0.299520
72 0.332800
87 0.499200
100 0.432640
113 0.432640
127 0.465920
142 0.499200
149 0.232960
152 0.099840
159 0.232960
169 0.332800
178 0.299520
187 0.299520
200 0.432640
213 0.432640
224 0.366080
237 0.432640
245 0.266240
247 0.066560
247 0.000000
247 0.000000
247 0.000000
247 0.000000
247 0.000000
247 0.000000
247 0.000000
247 0.000000
247 0.000000
247 0.000000
247 0.000000
247 0.000000
247 0.000000
247 0.000000
247 0.000000
247 0.000000
247 0.000000
247 0.000000
247 0.000000
247 0.000000
247 0.000000
247 0.000000
247 0.000000
247 0.000000
247 0.000000
247 0.000000
247 0.000000
247 0.000000
247 0.000000
247 0.000000
247 0.000000
247 0.000000
247 0.000000
247 0.000000
247 0.000000
247 0.000000
247 0.000000
247 0.000000
247 0.000000
247 0.000000
247 0.000000
247 0.000000
247 0.000000
247 0.000000
247 0.000000
247 0.000000
247 0.000000
247 0.000000
