0 0.000000
0 0.000000
21 0.141120
50 0.194880
80 0.201600
109 0.194880
139 0.201600
169 0.201600
199 0.201600
229 0.201600
258 0.194880
288 0.201600
318 0.201600
348 0.201600
377 0.194880
407 0.201600
437 0.201600
467 0.201600
496 0.194880
526 0.201600
556 0.201600
586 0.201600
616 0.201600
645 0.194880
675 0.201600
705 0.201600
734 0.194880
764 0.201600
794 0.201600
824 0.201600
833 0.060480
833 0.000000
833 0.000000
833 0.000000
833 0.000000
833 0.000000
833 0.000000
833 0.000000
833 0.000000
833 0.000000
833 0.000000
833 0.000000
833 0.000000
833 0.000000
833 0.000000
833 0.000000
833 0.000000
833 0.000000
833 0.000000
833 0.000000
833 0.000000
833 0.000000
833 0.000000
833 0.000000
833 0.000000
833 0.000000
833 0.000000
833 0.000000
833 0.000000
833 0.000000
833 0.000000
833 0.000000
833 0.000000
833 0.000000
833 0.000000
833 0.000000
833 0.000000
833 0.000000
833 0.000000
833 0.000000
833 0.000000
833 0.000000
833 0.000000
833 0.000000
833 0.000000
833 0.000000
833 0.000000
833 0.000000
833 0.000000
833 0.000000
833 0.000000
