0 0.000000
0 0.000000
3 0.067840
6 0.099840
14 0.266240
28 0.465920
33 0.166400
36 0.099840
44 0.266240
52 0.266240
63 0.366080
76 0.432640
86 0.332800
101 0.499200
118 0.565760
132 0.465920
149 0.565760
167 0.599040
185 0.599040
209 0.798720
228 0.632320
251 0.765440
280 0.965120
302 0.732160
329 0.898560
364 1.164800
389 0.832000
419 0.998400
449 0.998400
478 0.965120
497 0.632320
497 0.000000
497 0.000000
497 0.000000
497 0.000000
497 0.000000
497 0.000000
497 0.000000
497 0.000000
497 0.000000
497 0.000000
497 0.000000
497 0.000000
497 0.000000
497 0.000000
497 0.000000
497 0.000000
497 0.000000
497 0.000000
497 0.000000
497 0.000000
497 0.000000
497 0.000000
497 0.000000
497 0.000000
497 0.000000
497 0.000000
497 0.000000
497 0.000000
497 0.000000
497 0.000000
497 0.000000
497 0.000000
497 0.000000
497 0.000000
497 0.000000
497 0.000000
497 0.000000
497 0.000000
497 0.000000
497 0.000000
497 0.000000
497 0.000000
497 0.000000
497 0.000000
497 0.000000
497 0.000000
497 0.000000
497 0.000000
497 0.000000
497 0.000000
